F 113 55
F 112 55
F 111 55
F 110 55
F 109 55
F 108 55
F 107 55
F 106 55
F 105 55
F 104 55
F 103 55
F 102 55
F 101 55
F 100 55
F 99 55
C 99 54
C 99 53
C 99 52
F 98 52
F 97 52
F 96 52
F 95 52
F 94 52
F 93 52
C 93 51
F 32 55
F 33 55
F 34 55
F 35 55
F 36 55
F 37 55
F 38 55
F 39 55
F 40 55
F 41 55
F 42 55
F 43 55
F 44 55
C 44 54
C 44 53
C 44 52
F 45 52
F 46 52
F 47 52
A 48 52
C 48 53
C 48 54
F 49 54
F 50 54
F 51 54
F 52 54
F 53 54
F 54 54
C 54 53
F 55 53
F 56 53
F 57 53
F 58 53
C 58 52
F 59 52
F 60 52
F 61 52
F 62 52
F 63 52
3 64 52
3 65 52
3 66 52
3 67 52
3 68 52
3 69 52
3 70 52
3 71 52
3 72 52
3 73 52
6 74 52
C 74 51
3 75 51
3 76 51
3 77 51
3 78 51
3 79 51
3 80 51
3 81 51
3 82 51
3 83 51
3 84 51
3 85 51
3 86 51
A 87 51
C 87 52
C 87 53
C 87 54
C 87 55
3 88 55
3 89 55
3 90 55
A 91 55
6 92 55
C 92 54
C 92 53
C 92 52
C 92 51
3 134 44
3 133 44
5 132 44
C 132 45
C 132 46
C 132 47
C 132 48
C 132 49
3 131 49
3 130 49
3 129 49
3 128 49
3 127 49
3 126 49
3 125 49
3 124 49
3 123 49
3 122 49
3 121 49
3 120 49
3 119 49
3 118 49
3 117 49
3 116 49
3 115 49
3 114 49
3 113 49
3 112 49
3 111 49
3 110 49
3 109 49
3 108 49
3 107 49
3 106 49
D 105 49
C 105 48
C 105 47
C 105 46
3 104 46
3 103 46
3 102 46
3 101 46
5 100 46
C 100 47
C 100 48
3 99 48
3 98 48
3 97 48
3 96 48
3 95 48
3 94 48
5 93 48
C 93 49
C 93 50
