B 113 55
B 112 55
B 111 55
B 110 55
B 109 55
B 108 55
B 107 55
B 106 55
B 105 55
B 104 55
B 103 55
B 102 55
B 101 55
B 100 55
B 99 55
B 98 55
B 97 55
B 96 55
B 95 55
B 94 55
B 93 55
C 93 54
C 93 53
C 93 52
C 93 51
B 32 55
B 33 55
B 34 55
B 35 55
B 36 55
B 37 55
B 38 55
B 39 55
B 40 55
B 41 55
B 42 55
B 43 55
B 44 55
B 45 55
B 46 55
B 47 55
B 48 55
B 49 55
B 50 55
B 51 55
B 52 55
B 53 55
B 54 55
B 55 55
B 56 55
B 57 55
B 58 55
B 59 55
B 60 55
B 61 55
B 62 55
7 63 55
7 64 55
7 65 55
7 66 55
7 67 55
7 68 55
7 69 55
7 70 55
7 71 55
7 72 55
7 73 55
7 74 55
7 75 55
7 76 55
7 77 55
7 78 55
7 79 55
7 80 55
7 81 55
7 82 55
7 83 55
7 84 55
7 85 55
7 86 55
7 87 55
7 88 55
7 89 55
7 90 55
7 91 55
7 92 55
7 134 44
7 133 44
7 132 44
7 131 44
7 130 44
7 129 44
7 128 44
7 127 44
7 126 44
7 125 44
7 124 44
7 123 44
7 122 44
7 121 44
7 120 44
7 119 44
7 118 44
7 117 44
7 116 44
7 115 44
7 114 44
7 113 44
F 112 44
F 111 44
F 110 44
F 109 44
F 108 44
F 107 44
F 106 44
F 105 44
F 104 44
F 103 44
F 102 44
F 101 44
F 100 44
F 99 44
F 98 44
F 97 44
F 96 44
F 95 44
F 94 44
F 93 44
C 93 45
C 93 46
C 93 47
C 93 48
C 93 49
C 93 50
