7 767 558
7 766 558
7 765 558
7 764 558
7 763 558
7 762 558
7 761 558
7 760 558
7 759 558
7 758 558
7 757 558
7 756 558
7 755 558
7 754 558
7 753 558
7 752 558
7 751 558
7 750 558
7 749 558
7 748 558
7 747 558
7 746 558
7 745 558
7 744 558
7 743 558
7 742 558
7 741 558
7 740 558
7 739 558
7 738 558
7 737 558
7 736 558
7 735 558
7 734 558
7 733 558
7 732 558
7 731 558
7 730 558
7 729 558
7 728 558
7 727 558
7 726 558
7 725 558
7 724 558
7 723 558
7 722 558
7 721 558
7 720 558
7 719 558
7 718 558
7 717 558
7 716 558
7 715 558
7 714 558
7 713 558
7 712 558
7 711 558
7 710 558
7 709 558
7 708 558
7 707 558
7 706 558
7 705 558
7 704 558
F 703 558
D 703 557
D 703 556
D 703 555
D 703 554
D 703 553
D 703 552
D 703 551
D 703 550
D 703 549
D 703 548
D 703 547
D 703 546
D 703 545
D 703 544
D 703 543
D 703 542
D 703 541
D 703 540
D 703 539
D 703 538
D 703 537
D 703 536
D 703 535
D 703 534
D 703 533
D 703 532
D 703 531
D 703 530
D 703 529
D 703 528
D 703 527
D 703 526
D 703 525
D 703 524
D 703 523
D 703 522
D 703 521
D 703 520
D 703 519
D 703 518
D 703 517
D 703 516
D 703 515
D 703 514
D 703 513
D 703 512
D 703 511
D 703 510
D 703 509
D 703 508
D 703 507
D 703 506
D 703 505
D 703 504
D 703 503
D 703 502
D 703 501
D 703 500
D 703 499
D 703 498
D 703 497
D 703 496
D 703 495
D 703 494
D 703 493
D 703 492
D 703 491
D 703 490
D 703 489
D 703 488
D 703 487
D 703 486
D 703 485
D 703 484
D 703 483
D 703 482
D 703 481
D 703 480
D 703 479
D 703 478
D 703 477
D 703 476
D 703 475
D 703 474
7 207 558
7 208 558
7 209 558
7 210 558
7 211 558
7 212 558
7 213 558
7 214 558
7 215 558
7 216 558
7 217 558
7 218 558
7 219 558
7 220 558
7 221 558
7 222 558
7 223 558
7 224 558
7 225 558
7 226 558
7 227 558
7 228 558
7 229 558
7 230 558
7 231 558
7 232 558
7 233 558
7 234 558
7 235 558
7 236 558
7 237 558
7 238 558
7 239 558
7 240 558
7 241 558
7 242 558
7 243 558
7 244 558
7 245 558
7 246 558
7 247 558
7 248 558
7 249 558
7 250 558
7 251 558
7 252 558
7 253 558
7 254 558
7 255 558
7 256 558
7 257 558
7 258 558
7 259 558
7 260 558
7 261 558
7 262 558
7 263 558
7 264 558
7 265 558
7 266 558
7 267 558
7 268 558
7 269 558
7 270 558
7 271 558
7 272 558
7 273 558
7 274 558
7 275 558
7 276 558
7 277 558
7 278 558
7 279 558
7 280 558
7 281 558
7 282 558
7 283 558
7 284 558
7 285 558
7 286 558
7 287 558
7 288 558
7 289 558
7 290 558
7 291 558
7 292 558
7 293 558
7 294 558
7 295 558
7 296 558
7 297 558
7 298 558
7 299 558
7 300 558
7 301 558
7 302 558
7 303 558
7 304 558
7 305 558
7 306 558
7 307 558
7 308 558
7 309 558
7 310 558
7 311 558
7 312 558
7 313 558
7 314 558
7 315 558
7 316 558
7 317 558
7 318 558
7 319 558
7 320 558
7 321 558
7 322 558
7 323 558
7 324 558
7 325 558
7 326 558
7 327 558
7 328 558
7 329 558
7 330 558
7 331 558
7 332 558
7 333 558
7 334 558
7 335 558
7 336 558
7 337 558
7 338 558
7 339 558
7 340 558
7 341 558
7 342 558
7 343 558
7 344 558
7 345 558
7 346 558
7 347 558
7 348 558
7 349 558
7 350 558
7 351 558
7 352 558
7 353 558
7 354 558
7 355 558
7 356 558
7 357 558
7 358 558
7 359 558
7 360 558
7 361 558
7 362 558
7 363 558
7 364 558
7 365 558
7 366 558
7 367 558
7 368 558
7 369 558
7 370 558
7 371 558
7 372 558
7 373 558
7 374 558
7 375 558
7 376 558
7 377 558
7 378 558
7 379 558
7 380 558
7 381 558
7 382 558
7 383 558
7 384 558
7 385 558
7 386 558
7 387 558
7 388 558
7 389 558
7 390 558
7 391 558
7 392 558
7 393 558
7 394 558
7 395 558
7 396 558
7 397 558
7 398 558
7 399 558
7 400 558
7 401 558
7 402 558
7 403 558
7 404 558
7 405 558
7 406 558
7 407 558
7 408 558
7 409 558
7 410 558
7 411 558
7 412 558
7 413 558
7 414 558
7 415 558
7 416 558
7 417 558
7 418 558
7 419 558
7 420 558
7 421 558
7 422 558
7 423 558
7 424 558
7 425 558
7 426 558
7 427 558
7 428 558
7 429 558
7 430 558
7 431 558
7 432 558
7 433 558
7 434 558
7 435 558
7 436 558
7 437 558
7 438 558
7 439 558
7 440 558
7 441 558
7 442 558
7 443 558
7 444 558
7 445 558
7 446 558
7 447 558
7 448 558
7 449 558
7 450 558
7 451 558
7 452 558
7 453 558
7 454 558
7 455 558
7 456 558
7 457 558
7 458 558
7 459 558
7 460 558
7 461 558
7 462 558
7 463 558
7 464 558
7 465 558
7 466 558
7 467 558
7 468 558
7 469 558
7 470 558
7 471 558
7 472 558
7 473 558
7 474 558
7 475 558
7 476 558
7 477 558
7 478 558
7 479 558
7 480 558
7 481 558
7 482 558
7 483 558
7 484 558
7 485 558
7 486 558
7 487 558
7 488 558
7 489 558
7 490 558
7 491 558
7 492 558
7 493 558
7 494 558
7 495 558
7 496 558
7 497 558
7 498 558
7 499 558
7 500 558
7 501 558
7 502 558
7 503 558
7 504 558
7 505 558
7 506 558
7 507 558
7 508 558
7 509 558
7 510 558
7 511 558
7 512 558
7 513 558
7 514 558
7 515 558
7 516 558
7 517 558
7 518 558
7 519 558
7 520 558
7 521 558
7 522 558
7 523 558
7 524 558
7 525 558
7 526 558
7 527 558
7 528 558
7 529 558
7 530 558
7 531 558
7 532 558
7 533 558
7 534 558
7 535 558
7 536 558
7 537 558
7 538 558
7 539 558
7 540 558
7 541 558
7 542 558
7 543 558
7 544 558
7 545 558
7 546 558
7 547 558
7 548 558
7 549 558
7 550 558
7 551 558
7 552 558
7 553 558
7 554 558
7 555 558
7 556 558
7 557 558
7 558 558
7 559 558
7 560 558
7 561 558
7 562 558
7 563 558
7 564 558
7 565 558
7 566 558
7 567 558
7 568 558
7 569 558
7 570 558
7 571 558
7 572 558
7 573 558
7 574 558
7 575 558
7 576 558
7 577 558
7 578 558
7 579 558
7 580 558
7 581 558
7 582 558
7 583 558
7 584 558
7 585 558
7 586 558
7 587 558
7 588 558
7 589 558
7 590 558
7 591 558
7 592 558
7 593 558
7 594 558
7 595 558
7 596 558
7 597 558
7 598 558
7 599 558
7 600 558
7 601 558
7 602 558
7 603 558
7 604 558
7 605 558
7 606 558
7 607 558
7 608 558
7 609 558
7 610 558
7 611 558
7 612 558
7 613 558
7 614 558
7 615 558
7 616 558
7 617 558
7 618 558
7 619 558
7 620 558
7 621 558
7 622 558
7 623 558
7 624 558
7 625 558
7 626 558
7 627 558
7 628 558
7 629 558
7 630 558
7 631 558
7 632 558
7 633 558
7 634 558
7 635 558
7 636 558
7 637 558
7 638 558
7 639 558
7 640 558
7 641 558
7 642 558
7 643 558
7 644 558
7 645 558
7 646 558
7 647 558
7 648 558
7 649 558
7 650 558
7 651 558
7 652 558
7 653 558
7 654 558
7 655 558
7 656 558
7 657 558
7 658 558
7 659 558
7 660 558
7 661 558
7 662 558
7 663 558
7 664 558
7 665 558
7 666 558
7 667 558
7 668 558
7 669 558
7 670 558
7 671 558
7 672 558
7 673 558
7 674 558
7 675 558
7 676 558
7 677 558
7 678 558
7 679 558
7 680 558
7 681 558
7 682 558
7 683 558
7 684 558
7 685 558
7 686 558
7 687 558
7 688 558
7 689 558
7 690 558
7 691 558
7 692 558
7 693 558
7 694 558
7 695 558
7 696 558
7 697 558
7 698 558
7 699 558
7 700 558
7 701 558
7 702 558
7 905 442
7 904 442
7 903 442
7 902 442
7 901 442
7 900 442
7 899 442
7 898 442
7 897 442
7 896 442
7 895 442
7 894 442
7 893 442
7 892 442
7 891 442
7 890 442
7 889 442
7 888 442
7 887 442
7 886 442
7 885 442
7 884 442
7 883 442
7 882 442
7 881 442
7 880 442
7 879 442
7 878 442
7 877 442
7 876 442
7 875 442
7 874 442
7 873 442
7 872 442
7 871 442
7 870 442
7 869 442
7 868 442
7 867 442
7 866 442
7 865 442
7 864 442
7 863 442
7 862 442
7 861 442
7 860 442
7 859 442
7 858 442
7 857 442
7 856 442
7 855 442
7 854 442
7 853 442
7 852 442
7 851 442
7 850 442
7 849 442
7 848 442
7 847 442
7 846 442
7 845 442
7 844 442
7 843 442
7 842 442
7 841 442
7 840 442
7 839 442
7 838 442
7 837 442
7 836 442
7 835 442
7 834 442
7 833 442
7 832 442
7 831 442
7 830 442
7 829 442
7 828 442
7 827 442
7 826 442
7 825 442
7 824 442
7 823 442
7 822 442
7 821 442
7 820 442
7 819 442
7 818 442
7 817 442
7 816 442
7 815 442
7 814 442
7 813 442
7 812 442
7 811 442
7 810 442
7 809 442
7 808 442
7 807 442
7 806 442
7 805 442
7 804 442
7 803 442
7 802 442
7 801 442
7 800 442
7 799 442
7 798 442
7 797 442
7 796 442
7 795 442
7 794 442
7 793 442
7 792 442
7 791 442
7 790 442
7 789 442
7 788 442
7 787 442
7 786 442
7 785 442
7 784 442
7 783 442
7 782 442
7 781 442
7 780 442
7 779 442
7 778 442
7 777 442
7 776 442
7 775 442
7 774 442
7 773 442
7 772 442
7 771 442
7 770 442
7 769 442
7 768 442
7 767 442
7 766 442
7 765 442
7 764 442
7 763 442
7 762 442
7 761 442
7 760 442
7 759 442
7 758 442
7 757 442
7 756 442
7 755 442
7 754 442
7 753 442
7 752 442
7 751 442
7 750 442
7 749 442
7 748 442
7 747 442
7 746 442
7 745 442
7 744 442
7 743 442
7 742 442
7 741 442
7 740 442
7 739 442
7 738 442
7 737 442
7 736 442
7 735 442
7 734 442
7 733 442
7 732 442
7 731 442
7 730 442
7 729 442
7 728 442
7 727 442
7 726 442
7 725 442
7 724 442
7 723 442
7 722 442
7 721 442
7 720 442
7 719 442
7 718 442
7 717 442
7 716 442
7 715 442
7 714 442
7 713 442
7 712 442
7 711 442
7 710 442
7 709 442
7 708 442
7 707 442
7 706 442
7 705 442
7 704 442
F 703 442
D 703 443
D 703 444
D 703 445
D 703 446
D 703 447
D 703 448
D 703 449
D 703 450
D 703 451
D 703 452
D 703 453
D 703 454
D 703 455
D 703 456
D 703 457
D 703 458
D 703 459
D 703 460
D 703 461
D 703 462
D 703 463
D 703 464
D 703 465
D 703 466
F 703 467
D 703 468
F 703 469
D 703 470
D 703 471
D 703 472
D 703 473
7 976 273
7 975 273
7 974 273
7 973 273
7 972 273
7 971 273
7 970 273
7 969 273
7 968 273
7 967 273
7 966 273
7 965 273
7 964 273
7 963 273
7 962 273
7 961 273
7 960 273
7 959 273
7 958 273
7 957 273
7 956 273
7 955 273
7 954 273
7 953 273
7 952 273
7 951 273
7 950 273
7 949 273
7 948 273
7 947 273
7 946 273
7 945 273
7 944 273
7 943 273
7 942 273
7 941 273
7 940 273
7 939 273
7 938 273
7 937 273
7 936 273
7 935 273
7 934 273
7 933 273
7 932 273
7 931 273
7 930 273
7 929 273
7 928 273
7 927 273
7 926 273
7 925 273
7 924 273
7 923 273
7 922 273
7 921 273
7 920 273
7 919 273
7 918 273
7 917 273
7 916 273
7 915 273
7 914 273
7 913 273
7 912 273
7 911 273
7 910 273
7 909 273
7 908 273
7 907 273
7 906 273
7 905 273
7 904 273
7 903 273
7 902 273
7 901 273
7 900 273
7 899 273
7 898 273
7 897 273
7 896 273
7 895 273
7 894 273
7 893 273
7 892 273
7 891 273
7 890 273
7 889 273
7 888 273
7 887 273
7 886 273
7 885 273
7 884 273
7 883 273
7 882 273
7 881 273
7 880 273
7 879 273
7 878 273
7 877 273
7 876 273
7 875 273
7 874 273
7 873 273
7 872 273
7 871 273
7 870 273
7 869 273
7 868 273
7 867 273
7 866 273
7 865 273
7 864 273
7 863 273
7 862 273
7 861 273
7 860 273
7 859 273
7 858 273
7 857 273
7 856 273
7 855 273
7 854 273
7 853 273
7 852 273
7 851 273
7 850 273
7 849 273
7 848 273
7 847 273
7 846 273
7 845 273
7 844 273
7 843 273
7 842 273
7 841 273
7 840 273
7 839 273
7 838 273
7 837 273
7 836 273
7 835 273
7 834 273
7 833 273
7 832 273
7 831 273
7 830 273
7 829 273
7 828 273
7 827 273
7 826 273
7 825 273
7 824 273
7 823 273
7 822 273
7 821 273
7 820 273
7 819 273
7 818 273
7 817 273
7 816 273
7 815 273
7 814 273
7 813 273
7 812 273
7 811 273
7 810 273
7 809 273
7 808 273
7 807 273
7 806 273
7 805 273
7 804 273
7 803 273
7 802 273
7 801 273
7 800 273
7 799 273
7 798 273
7 797 273
7 796 273
7 795 273
7 794 273
7 793 273
7 792 273
7 791 273
7 790 273
7 789 273
7 788 273
7 787 273
7 786 273
7 785 273
7 784 273
7 783 273
7 782 273
7 781 273
7 780 273
7 779 273
7 778 273
7 777 273
7 776 273
7 775 273
7 774 273
7 773 273
7 772 273
7 771 273
7 770 273
7 769 273
7 768 273
7 767 273
7 766 273
7 765 273
7 764 273
7 763 273
7 762 273
7 761 273
7 760 273
7 759 273
7 758 273
7 757 273
7 756 273
7 755 273
7 754 273
7 753 273
7 752 273
7 751 273
7 750 273
7 749 273
7 748 273
7 747 273
7 746 273
7 745 273
7 744 273
7 743 273
7 742 273
7 741 273
7 740 273
7 739 273
7 738 273
7 737 273
7 736 273
7 735 273
7 734 273
7 733 273
7 732 273
7 731 273
7 730 273
7 729 273
7 728 273
7 727 273
7 726 273
7 725 273
7 724 273
7 723 273
7 722 273
7 721 273
7 720 273
7 719 273
7 718 273
7 717 273
7 716 273
7 715 273
7 714 273
7 713 273
7 712 273
7 711 273
7 710 273
7 709 273
7 708 273
7 707 273
7 706 273
7 705 273
7 704 273
F 703 273
D 703 274
D 703 275
D 703 276
D 703 277
D 703 278
D 703 279
D 703 280
D 703 281
D 703 282
D 703 283
D 703 284
D 703 285
D 703 286
D 703 287
D 703 288
D 703 289
D 703 290
D 703 291
D 703 292
D 703 293
D 703 294
D 703 295
D 703 296
D 703 297
D 703 298
D 703 299
D 703 300
D 703 301
D 703 302
D 703 303
D 703 304
D 703 305
D 703 306
D 703 307
D 703 308
D 703 309
D 703 310
D 703 311
D 703 312
D 703 313
D 703 314
D 703 315
D 703 316
D 703 317
D 703 318
D 703 319
D 703 320
D 703 321
D 703 322
D 703 323
D 703 324
D 703 325
D 703 326
D 703 327
D 703 328
D 703 329
D 703 330
D 703 331
D 703 332
D 703 333
D 703 334
D 703 335
D 703 336
D 703 337
D 703 338
D 703 339
D 703 340
D 703 341
D 703 342
D 703 343
D 703 344
D 703 345
D 703 346
D 703 347
D 703 348
D 703 349
D 703 350
D 703 351
D 703 352
D 703 353
D 703 354
D 703 355
D 703 356
D 703 357
D 703 358
D 703 359
D 703 360
D 703 361
D 703 362
D 703 363
D 703 364
D 703 365
D 703 366
D 703 367
D 703 368
D 703 369
D 703 370
D 703 371
D 703 372
D 703 373
D 703 374
D 703 375
D 703 376
D 703 377
D 703 378
D 703 379
D 703 380
D 703 381
D 703 382
D 703 383
D 703 384
D 703 385
D 703 386
D 703 387
D 703 388
D 703 389
D 703 390
D 703 391
D 703 392
D 703 393
D 703 394
D 703 395
D 703 396
D 703 397
D 703 398
D 703 399
D 703 400
D 703 401
D 703 402
D 703 403
D 703 404
D 703 405
D 703 406
D 703 407
D 703 408
D 703 409
D 703 410
D 703 411
D 703 412
D 703 413
D 703 414
D 703 415
D 703 416
D 703 417
D 703 418
D 703 419
D 703 420
D 703 421
D 703 422
D 703 423
D 703 424
D 703 425
D 703 426
D 703 427
D 703 428
D 703 429
D 703 430
D 703 431
D 703 432
D 703 433
D 703 434
D 703 435
D 703 436
D 703 437
D 703 438
D 703 439
D 703 440
D 703 441
7 292 467
7 293 467
7 294 467
7 295 467
7 296 467
7 297 467
7 298 467
7 299 467
7 300 467
7 301 467
7 302 467
7 303 467
7 304 467
7 305 467
7 306 467
7 307 467
7 308 467
7 309 467
7 310 467
7 311 467
7 312 467
7 313 467
7 314 467
7 315 467
7 316 467
7 317 467
7 318 467
7 319 467
7 320 467
7 321 467
7 322 467
7 323 467
7 324 467
7 325 467
7 326 467
7 327 467
7 328 467
7 329 467
7 330 467
7 331 467
7 332 467
7 333 467
7 334 467
7 335 467
7 336 467
7 337 467
7 338 467
7 339 467
7 340 467
7 341 467
7 342 467
7 343 467
7 344 467
7 345 467
7 346 467
7 347 467
7 348 467
7 349 467
7 350 467
7 351 467
7 352 467
7 353 467
7 354 467
7 355 467
7 356 467
7 357 467
7 358 467
7 359 467
7 360 467
7 361 467
7 362 467
7 363 467
7 364 467
7 365 467
7 366 467
7 367 467
7 368 467
7 369 467
7 370 467
7 371 467
7 372 467
7 373 467
7 374 467
7 375 467
7 376 467
7 377 467
7 378 467
7 379 467
7 380 467
7 381 467
7 382 467
7 383 467
7 384 467
7 385 467
7 386 467
7 387 467
7 388 467
7 389 467
7 390 467
7 391 467
7 392 467
7 393 467
7 394 467
7 395 467
7 396 467
7 397 467
7 398 467
7 399 467
7 400 467
7 401 467
7 402 467
7 403 467
7 404 467
7 405 467
7 406 467
7 407 467
7 408 467
7 409 467
7 410 467
7 411 467
7 412 467
7 413 467
7 414 467
7 415 467
7 416 467
7 417 467
7 418 467
7 419 467
7 420 467
7 421 467
7 422 467
7 423 467
7 424 467
7 425 467
7 426 467
7 427 467
7 428 467
7 429 467
7 430 467
7 431 467
7 432 467
7 433 467
7 434 467
7 435 467
7 436 467
7 437 467
7 438 467
7 439 467
7 440 467
7 441 467
7 442 467
7 443 467
7 444 467
7 445 467
7 446 467
7 447 467
7 448 467
7 449 467
7 450 467
7 451 467
7 452 467
7 453 467
7 454 467
7 455 467
7 456 467
7 457 467
7 458 467
7 459 467
7 460 467
7 461 467
7 462 467
7 463 467
7 464 467
7 465 467
7 466 467
7 467 467
7 468 467
7 469 467
7 470 467
7 471 467
7 472 467
7 473 467
7 474 467
7 475 467
7 476 467
7 477 467
7 478 467
7 479 467
7 480 467
7 481 467
7 482 467
7 483 467
7 484 467
7 485 467
7 486 467
7 487 467
7 488 467
7 489 467
7 490 467
7 491 467
7 492 467
7 493 467
7 494 467
7 495 467
7 496 467
7 497 467
7 498 467
7 499 467
7 500 467
7 501 467
7 502 467
7 503 467
7 504 467
7 505 467
7 506 467
7 507 467
7 508 467
7 509 467
7 510 467
7 511 467
7 512 467
7 513 467
7 514 467
7 515 467
7 516 467
7 517 467
7 518 467
7 519 467
7 520 467
7 521 467
7 522 467
7 523 467
7 524 467
7 525 467
7 526 467
7 527 467
7 528 467
7 529 467
7 530 467
7 531 467
7 532 467
7 533 467
7 534 467
7 535 467
7 536 467
7 537 467
7 538 467
7 539 467
7 540 467
7 541 467
7 542 467
7 543 467
7 544 467
7 545 467
7 546 467
7 547 467
7 548 467
7 549 467
7 550 467
7 551 467
7 552 467
7 553 467
7 554 467
7 555 467
7 556 467
7 557 467
7 558 467
7 559 467
7 560 467
7 561 467
7 562 467
7 563 467
7 564 467
7 565 467
7 566 467
7 567 467
7 568 467
7 569 467
7 570 467
7 571 467
7 572 467
7 573 467
7 574 467
7 575 467
7 576 467
7 577 467
7 578 467
7 579 467
7 580 467
7 581 467
7 582 467
7 583 467
7 584 467
7 585 467
7 586 467
7 587 467
7 588 467
7 589 467
B 590 467
B 591 467
B 592 467
B 593 467
B 594 467
B 595 467
B 596 467
B 597 467
B 598 467
B 599 467
B 600 467
B 601 467
B 602 467
B 603 467
B 604 467
B 605 467
B 606 467
B 607 467
B 608 467
B 609 467
B 610 467
B 611 467
B 612 467
B 613 467
B 614 467
B 615 467
B 616 467
B 617 467
B 618 467
B 619 467
B 620 467
B 621 467
B 622 467
B 623 467
B 624 467
B 625 467
B 626 467
B 627 467
B 628 467
B 629 467
B 630 467
B 631 467
B 632 467
B 633 467
B 634 467
B 635 467
B 636 467
B 637 467
B 638 467
B 639 467
B 640 467
B 641 467
B 642 467
B 643 467
B 644 467
B 645 467
B 646 467
B 647 467
B 648 467
B 649 467
B 650 467
B 651 467
B 652 467
B 653 467
B 654 467
B 655 467
B 656 467
B 657 467
B 658 467
B 659 467
B 660 467
B 661 467
B 662 467
B 663 467
B 664 467
B 665 467
B 666 467
B 667 467
B 668 467
B 669 467
B 670 467
B 671 467
B 672 467
B 673 467
B 674 467
B 675 467
B 676 467
B 677 467
B 678 467
B 679 467
B 680 467
B 681 467
B 682 467
B 683 467
B 684 467
B 685 467
B 686 467
B 687 467
B 688 467
B 689 467
B 690 467
B 691 467
B 692 467
B 693 467
B 694 467
B 695 467
B 696 467
B 697 467
B 698 467
B 699 467
B 700 467
B 701 467
B 702 467
B 633 469
B 634 469
B 635 469
B 636 469
B 637 469
B 638 469
B 639 469
B 640 469
B 641 469
B 642 469
B 643 469
B 644 469
B 645 469
B 646 469
B 647 469
B 648 469
B 649 469
B 650 469
B 651 469
B 652 469
B 653 469
B 654 469
B 655 469
B 656 469
B 657 469
B 658 469
B 659 469
B 660 469
B 661 469
B 662 469
B 663 469
B 664 469
B 665 469
B 666 469
B 667 469
B 668 469
B 669 469
B 670 469
B 671 469
B 672 469
B 673 469
B 674 469
B 675 469
B 676 469
B 677 469
B 678 469
B 679 469
B 680 469
B 681 469
B 682 469
B 683 469
B 684 469
B 685 469
B 686 469
B 687 469
B 688 469
B 689 469
B 690 469
B 691 469
B 692 469
B 693 469
B 694 469
B 695 469
B 696 469
B 697 469
B 698 469
B 699 469
B 700 469
B 701 469
B 702 469
B 981 30
B 980 30
B 979 30
B 978 30
B 977 30
B 976 30
B 975 30
B 974 30
B 973 30
B 972 30
B 971 30
B 970 30
B 969 30
B 968 30
B 967 30
B 966 30
B 965 30
B 964 30
B 963 30
B 962 30
B 961 30
B 960 30
B 959 30
B 958 30
B 957 30
B 956 30
B 955 30
B 954 30
B 953 30
B 952 30
B 951 30
B 950 30
B 949 30
B 948 30
B 947 30
B 946 30
B 945 30
B 944 30
B 943 30
B 942 30
B 941 30
B 940 30
B 939 30
B 938 30
B 937 30
B 936 30
B 935 30
B 934 30
B 933 30
B 932 30
B 931 30
B 930 30
B 929 30
B 928 30
B 927 30
B 926 30
B 925 30
B 924 30
B 923 30
B 922 30
B 921 30
B 920 30
B 919 30
B 918 30
B 917 30
B 916 30
B 915 30
B 914 30
B 913 30
B 912 30
B 911 30
B 910 30
B 909 30
B 908 30
B 907 30
B 906 30
B 905 30
B 904 30
B 903 30
B 902 30
B 901 30
B 900 30
B 899 30
B 898 30
B 897 30
B 896 30
B 895 30
B 894 30
B 893 30
B 892 30
B 891 30
B 890 30
B 889 30
B 888 30
B 887 30
B 886 30
B 885 30
B 884 30
B 883 30
B 882 30
B 881 30
B 880 30
B 879 30
B 878 30
B 877 30
B 876 30
B 875 30
B 874 30
B 873 30
B 872 30
B 871 30
B 870 30
B 869 30
B 868 30
B 867 30
B 866 30
B 865 30
B 864 30
B 863 30
B 862 30
B 861 30
B 860 30
B 859 30
B 858 30
B 857 30
B 856 30
B 855 30
B 854 30
B 853 30
B 852 30
B 851 30
B 850 30
B 849 30
B 848 30
B 847 30
B 846 30
B 845 30
B 844 30
B 843 30
B 842 30
B 841 30
B 840 30
B 839 30
B 838 30
B 837 30
B 836 30
B 835 30
B 834 30
B 833 30
B 832 30
B 831 30
B 830 30
B 829 30
B 828 30
B 827 30
B 826 30
B 825 30
B 824 30
B 823 30
B 822 30
B 821 30
B 820 30
B 819 30
B 818 30
B 817 30
B 816 30
B 815 30
B 814 30
B 813 30
B 812 30
B 811 30
B 810 30
B 809 30
B 808 30
B 807 30
B 806 30
B 805 30
B 804 30
B 803 30
B 802 30
B 801 30
B 800 30
B 799 30
B 798 30
B 797 30
B 796 30
B 795 30
B 794 30
B 793 30
B 792 30
B 791 30
B 790 30
B 789 30
B 788 30
B 787 30
B 786 30
B 785 30
B 784 30
B 783 30
B 782 30
B 781 30
B 780 30
B 779 30
B 778 30
B 777 30
B 776 30
B 775 30
B 774 30
B 773 30
B 772 30
B 771 30
B 770 30
B 769 30
B 768 30
B 767 30
B 766 30
B 765 30
B 764 30
B 763 30
B 762 30
B 761 30
B 760 30
B 759 30
B 758 30
B 757 30
B 756 30
B 755 30
B 754 30
B 753 30
B 752 30
B 751 30
B 750 30
B 749 30
B 748 30
B 747 30
B 746 30
B 745 30
B 744 30
B 743 30
B 742 30
B 741 30
B 740 30
B 739 30
B 738 30
B 737 30
B 736 30
B 735 30
B 734 30
B 733 30
B 732 30
B 731 30
B 730 30
B 729 30
B 728 30
B 727 30
B 726 30
B 725 30
B 724 30
B 723 30
B 722 30
B 721 30
B 720 30
B 719 30
B 718 30
B 717 30
B 716 30
B 715 30
B 714 30
B 713 30
B 712 30
B 711 30
B 710 30
B 709 30
B 708 30
B 707 30
B 706 30
B 705 30
B 704 30
B 703 30
D 703 31
D 703 32
D 703 33
D 703 34
D 703 35
D 703 36
D 703 37
D 703 38
D 703 39
D 703 40
D 703 41
D 703 42
D 703 43
D 703 44
D 703 45
D 703 46
D 703 47
D 703 48
D 703 49
D 703 50
D 703 51
D 703 52
D 703 53
D 703 54
D 703 55
D 703 56
D 703 57
D 703 58
D 703 59
D 703 60
D 703 61
D 703 62
D 703 63
D 703 64
D 703 65
D 703 66
D 703 67
D 703 68
D 703 69
D 703 70
D 703 71
D 703 72
D 703 73
D 703 74
D 703 75
D 703 76
D 703 77
D 703 78
D 703 79
D 703 80
D 703 81
D 703 82
D 703 83
D 703 84
D 703 85
D 703 86
D 703 87
D 703 88
D 703 89
D 703 90
D 703 91
D 703 92
D 703 93
D 703 94
D 703 95
D 703 96
D 703 97
D 703 98
D 703 99
D 703 100
D 703 101
D 703 102
D 703 103
D 703 104
D 703 105
D 703 106
D 703 107
D 703 108
D 703 109
D 703 110
D 703 111
D 703 112
D 703 113
D 703 114
D 703 115
D 703 116
D 703 117
D 703 118
D 703 119
D 703 120
D 703 121
D 703 122
D 703 123
D 703 124
D 703 125
D 703 126
D 703 127
D 703 128
D 703 129
D 703 130
D 703 131
D 703 132
D 703 133
D 703 134
D 703 135
D 703 136
D 703 137
D 703 138
D 703 139
D 703 140
D 703 141
D 703 142
D 703 143
D 703 144
D 703 145
D 703 146
D 703 147
D 703 148
D 703 149
D 703 150
D 703 151
D 703 152
D 703 153
D 703 154
D 703 155
D 703 156
D 703 157
D 703 158
D 703 159
D 703 160
D 703 161
D 703 162
D 703 163
D 703 164
D 703 165
D 703 166
D 703 167
D 703 168
D 703 169
D 703 170
D 703 171
D 703 172
D 703 173
D 703 174
D 703 175
D 703 176
D 703 177
D 703 178
D 703 179
D 703 180
D 703 181
D 703 182
D 703 183
D 703 184
D 703 185
D 703 186
D 703 187
D 703 188
D 703 189
D 703 190
D 703 191
D 703 192
D 703 193
D 703 194
D 703 195
D 703 196
D 703 197
D 703 198
D 703 199
D 703 200
D 703 201
D 703 202
D 703 203
D 703 204
D 703 205
D 703 206
D 703 207
D 703 208
D 703 209
D 703 210
D 703 211
D 703 212
D 703 213
D 703 214
D 703 215
D 703 216
D 703 217
D 703 218
D 703 219
D 703 220
D 703 221
D 703 222
D 703 223
D 703 224
D 703 225
D 703 226
D 703 227
D 703 228
D 703 229
D 703 230
D 703 231
D 703 232
D 703 233
D 703 234
D 703 235
D 703 236
D 703 237
D 703 238
D 703 239
D 703 240
D 703 241
D 703 242
D 703 243
D 703 244
D 703 245
D 703 246
D 703 247
D 703 248
D 703 249
D 703 250
D 703 251
D 703 252
D 703 253
D 703 254
D 703 255
D 703 256
D 703 257
D 703 258
D 703 259
D 703 260
D 703 261
D 703 262
D 703 263
D 703 264
D 703 265
D 703 266
D 703 267
D 703 268
D 703 269
D 703 270
D 703 271
D 703 272
B 861 995
B 860 995
B 859 995
B 858 995
B 857 995
B 856 995
B 855 995
B 854 995
B 853 995
B 852 995
B 851 995
B 850 995
B 849 995
B 848 995
B 847 995
B 846 995
B 845 995
B 844 995
B 843 995
B 842 995
B 841 995
B 840 995
B 839 995
B 838 995
B 837 995
B 836 995
B 835 995
B 834 995
B 833 995
B 832 995
B 831 995
B 830 995
B 829 995
B 828 995
B 827 995
B 826 995
B 825 995
B 824 995
B 823 995
B 822 995
B 821 995
B 820 995
B 819 995
B 818 995
B 817 995
B 816 995
B 815 995
B 814 995
B 813 995
B 812 995
B 811 995
B 810 995
B 809 995
B 808 995
B 807 995
B 806 995
B 805 995
B 804 995
B 803 995
B 802 995
B 801 995
B 800 995
B 799 995
B 798 995
B 797 995
B 796 995
B 795 995
B 794 995
B 793 995
B 792 995
B 791 995
B 790 995
B 789 995
B 788 995
B 787 995
B 786 995
B 785 995
B 784 995
B 783 995
B 782 995
B 781 995
B 780 995
B 779 995
B 778 995
B 777 995
B 776 995
B 775 995
B 774 995
B 773 995
B 772 995
B 771 995
B 770 995
B 769 995
B 768 995
B 767 995
B 766 995
B 765 995
B 764 995
B 763 995
B 762 995
B 761 995
B 760 995
B 759 995
B 758 995
B 757 995
B 756 995
B 755 995
B 754 995
B 753 995
B 752 995
B 751 995
B 750 995
B 749 995
B 748 995
B 747 995
B 746 995
B 745 995
B 744 995
B 743 995
B 742 995
B 741 995
B 740 995
B 739 995
B 738 995
B 737 995
B 736 995
B 735 995
B 734 995
B 733 995
B 732 995
B 731 995
B 730 995
B 729 995
B 728 995
B 727 995
B 726 995
B 725 995
B 724 995
B 723 995
B 722 995
B 721 995
B 720 995
B 719 995
B 718 995
B 717 995
B 716 995
B 715 995
B 714 995
B 713 995
B 712 995
B 711 995
B 710 995
B 709 995
B 708 995
B 707 995
B 706 995
B 705 995
B 704 995
B 703 995
D 703 994
D 703 993
D 703 992
D 703 991
D 703 990
D 703 989
D 703 988
D 703 987
D 703 986
D 703 985
D 703 984
D 703 983
D 703 982
D 703 981
D 703 980
D 703 979
D 703 978
D 703 977
D 703 976
D 703 975
D 703 974
D 703 973
D 703 972
D 703 971
D 703 970
D 703 969
D 703 968
D 703 967
D 703 966
D 703 965
D 703 964
D 703 963
D 703 962
D 703 961
D 703 960
D 703 959
D 703 958
D 703 957
D 703 956
D 703 955
D 703 954
D 703 953
D 703 952
D 703 951
D 703 950
D 703 949
D 703 948
D 703 947
D 703 946
D 703 945
D 703 944
D 703 943
D 703 942
D 703 941
D 703 940
D 703 939
D 703 938
D 703 937
D 703 936
D 703 935
D 703 934
D 703 933
D 703 932
D 703 931
D 703 930
D 703 929
D 703 928
D 703 927
D 703 926
D 703 925
D 703 924
D 703 923
D 703 922
D 703 921
D 703 920
D 703 919
D 703 918
D 703 917
D 703 916
D 703 915
D 703 914
D 703 913
D 703 912
D 703 911
D 703 910
D 703 909
D 703 908
D 703 907
D 703 906
D 703 905
D 703 904
D 703 903
D 703 902
D 703 901
D 703 900
D 703 899
D 703 898
D 703 897
D 703 896
D 703 895
D 703 894
D 703 893
D 703 892
D 703 891
D 703 890
D 703 889
D 703 888
D 703 887
D 703 886
D 703 885
D 703 884
D 703 883
D 703 882
D 703 881
D 703 880
D 703 879
D 703 878
D 703 877
D 703 876
D 703 875
D 703 874
D 703 873
D 703 872
D 703 871
D 703 870
D 703 869
D 703 868
D 703 867
D 703 866
D 703 865
D 703 864
D 703 863
D 703 862
D 703 861
D 703 860
D 703 859
D 703 858
D 703 857
D 703 856
D 703 855
D 703 854
D 703 853
D 703 852
D 703 851
D 703 850
D 703 849
D 703 848
D 703 847
D 703 846
D 703 845
D 703 844
D 703 843
D 703 842
D 703 841
D 703 840
D 703 839
D 703 838
D 703 837
D 703 836
D 703 835
D 703 834
D 703 833
D 703 832
D 703 831
D 703 830
D 703 829
D 703 828
D 703 827
D 703 826
D 703 825
D 703 824
D 703 823
D 703 822
D 703 821
D 703 820
D 703 819
D 703 818
D 703 817
D 703 816
D 703 815
D 703 814
D 703 813
D 703 812
D 703 811
D 703 810
D 703 809
D 703 808
D 703 807
D 703 806
D 703 805
D 703 804
D 703 803
D 703 802
D 703 801
D 703 800
D 703 799
D 703 798
D 703 797
D 703 796
D 703 795
D 703 794
D 703 793
D 703 792
D 703 791
D 703 790
D 703 789
D 703 788
D 703 787
D 703 786
D 703 785
D 703 784
D 703 783
D 703 782
D 703 781
D 703 780
D 703 779
D 703 778
D 703 777
D 703 776
D 703 775
D 703 774
D 703 773
D 703 772
D 703 771
D 703 770
D 703 769
D 703 768
D 703 767
D 703 766
D 703 765
D 703 764
D 703 763
D 703 762
D 703 761
D 703 760
D 703 759
D 703 758
D 703 757
D 703 756
D 703 755
D 703 754
D 703 753
D 703 752
D 703 751
D 703 750
D 703 749
D 703 748
D 703 747
D 703 746
D 703 745
D 703 744
D 703 743
D 703 742
D 703 741
D 703 740
D 703 739
D 703 738
D 703 737
D 703 736
D 703 735
D 703 734
D 703 733
D 703 732
D 703 731
D 703 730
D 703 729
D 703 728
D 703 727
D 703 726
D 703 725
D 703 724
D 703 723
D 703 722
D 703 721
D 703 720
D 703 719
D 703 718
D 703 717
D 703 716
D 703 715
D 703 714
D 703 713
D 703 712
D 703 711
D 703 710
D 703 709
D 703 708
D 703 707
D 703 706
D 703 705
D 703 704
D 703 703
D 703 702
D 703 701
D 703 700
D 703 699
D 703 698
D 703 697
D 703 696
D 703 695
D 703 694
D 703 693
D 703 692
D 703 691
D 703 690
D 703 689
D 703 688
D 703 687
D 703 686
D 703 685
D 703 684
D 703 683
D 703 682
D 703 681
D 703 680
D 703 679
D 703 678
D 703 677
D 703 676
D 703 675
D 703 674
D 703 673
D 703 672
D 703 671
D 703 670
D 703 669
D 703 668
D 703 667
D 703 666
D 703 665
D 703 664
D 703 663
D 703 662
D 703 661
D 703 660
D 703 659
D 703 658
D 703 657
D 703 656
D 703 655
D 703 654
D 703 653
D 703 652
D 703 651
D 703 650
D 703 649
D 703 648
D 703 647
D 703 646
D 703 645
D 703 644
D 703 643
D 703 642
D 703 641
D 703 640
D 703 639
D 703 638
D 703 637
D 703 636
D 703 635
D 703 634
D 703 633
D 703 632
D 703 631
D 703 630
D 703 629
D 703 628
D 703 627
D 703 626
D 703 625
D 703 624
D 703 623
D 703 622
D 703 621
D 703 620
D 703 619
D 703 618
D 703 617
D 703 616
D 703 615
D 703 614
D 703 613
D 703 612
D 703 611
D 703 610
D 703 609
D 703 608
D 703 607
D 703 606
D 703 605
D 703 604
D 703 603
D 703 602
D 703 601
D 703 600
D 703 599
D 703 598
D 703 597
D 703 596
D 703 595
D 703 594
D 703 593
D 703 592
D 703 591
D 703 590
D 703 589
D 703 588
D 703 587
D 703 586
D 703 585
D 703 584
D 703 583
D 703 582
D 703 581
D 703 580
D 703 579
D 703 578
D 703 577
D 703 576
D 703 575
D 703 574
D 703 573
D 703 572
D 703 571
D 703 570
D 703 569
D 703 568
D 703 567
D 703 566
D 703 565
D 703 564
D 703 563
D 703 562
D 703 561
D 703 560
D 703 559
