3 535 390
3 534 390
3 533 390
3 532 390
3 531 390
3 530 390
3 529 390
3 528 390
3 527 390
3 526 390
3 525 390
3 524 390
3 523 390
3 522 390
3 521 390
3 520 390
3 519 390
3 518 390
3 517 390
3 516 390
3 515 390
3 514 390
3 513 390
3 512 390
3 511 390
3 510 390
3 509 390
3 508 390
3 507 390
3 506 390
3 505 390
3 504 390
3 503 390
3 502 390
3 501 390
3 500 390
3 499 390
3 498 390
3 497 390
3 496 390
3 495 390
3 494 390
3 493 390
3 492 390
3 491 390
3 490 390
3 489 390
3 488 390
3 487 390
3 486 390
3 485 390
3 484 390
3 483 390
3 482 390
3 481 390
3 480 390
3 479 390
3 478 390
3 477 390
3 476 390
3 475 390
3 474 390
3 473 390
3 472 390
3 471 390
3 470 390
3 469 390
3 468 390
3 467 390
3 466 390
3 465 390
3 464 390
3 463 390
3 462 390
3 461 390
3 460 390
3 459 390
3 458 390
3 457 390
3 456 390
3 455 390
3 454 390
3 453 390
3 452 390
3 451 390
3 450 390
3 449 390
3 448 390
3 447 390
3 446 390
3 445 390
3 444 390
3 443 390
3 442 390
3 441 390
7 440 390
