3 535 390
3 534 390
3 533 390
3 532 390
3 531 390
3 530 390
3 529 390
3 528 390
3 527 390
3 526 390
3 525 390
3 524 390
3 523 390
3 522 390
3 521 390
3 520 390
3 519 390
3 518 390
3 517 390
3 516 390
3 515 390
3 514 390
3 513 390
3 512 390
3 511 390
3 510 390
3 509 390
3 508 390
3 507 390
3 506 390
3 505 390
3 504 390
3 503 390
3 502 390
3 501 390
3 500 390
3 499 390
3 498 390
3 497 390
3 496 390
3 495 390
3 494 390
3 493 390
3 492 390
3 491 390
3 490 390
3 489 390
3 488 390
3 487 390
3 486 390
3 485 390
3 484 390
3 483 390
3 482 390
3 481 390
3 480 390
3 479 390
3 478 390
3 477 390
3 476 390
3 475 390
3 474 390
3 473 390
3 472 390
3 471 390
3 470 390
3 469 390
3 468 390
3 467 390
3 466 390
3 465 390
3 464 390
3 463 390
3 462 390
3 461 390
3 460 390
3 459 390
3 458 390
3 457 390
3 456 390
3 455 390
3 454 390
3 453 390
3 452 390
3 451 390
3 450 390
3 449 390
3 448 390
3 447 390
3 446 390
3 445 390
3 444 390
3 443 390
3 442 390
3 441 390
3 440 390
C 440 389
C 440 388
C 440 387
C 440 386
C 440 385
C 440 384
C 440 383
C 440 382
C 440 381
C 440 380
C 440 379
C 440 378
C 440 377
C 440 376
C 440 375
C 440 374
C 440 373
C 440 372
C 440 371
C 440 370
C 440 369
C 440 368
C 440 367
C 440 366
C 440 365
C 440 364
C 440 363
C 440 362
C 440 361
C 440 360
C 440 359
C 440 358
C 440 357
C 440 356
C 440 355
C 440 354
C 440 353
C 440 352
C 440 351
C 440 350
C 440 349
C 440 348
C 440 347
C 440 346
C 440 345
C 440 344
C 440 343
C 440 342
C 440 341
C 440 340
C 440 339
C 440 338
C 440 337
C 440 336
C 440 335
C 440 334
C 440 333
C 440 332
C 440 331
C 440 330
C 440 329
C 440 326
C 440 325
C 440 324
C 440 323
C 440 322
3 146 390
3 147 390
3 148 390
3 149 390
3 150 390
3 151 390
3 152 390
3 153 390
3 154 390
3 155 390
3 156 390
3 157 390
3 158 390
3 159 390
3 160 390
3 161 390
3 162 390
3 163 390
3 164 390
3 165 390
3 166 390
3 167 390
3 168 390
3 169 390
3 170 390
3 171 390
3 172 390
3 173 390
3 174 390
3 175 390
3 176 390
3 177 390
3 178 390
3 179 390
3 180 390
3 181 390
3 182 390
3 183 390
3 184 390
3 185 390
3 186 390
3 187 390
3 188 390
3 189 390
3 190 390
3 191 390
3 192 390
3 193 390
3 194 390
3 195 390
3 196 390
3 197 390
3 198 390
3 199 390
3 200 390
3 201 390
3 202 390
3 203 390
3 204 390
3 205 390
3 206 390
3 207 390
3 208 390
3 209 390
3 210 390
3 211 390
3 212 390
3 213 390
3 214 390
3 215 390
3 216 390
3 217 390
3 218 390
3 219 390
3 220 390
3 221 390
3 222 390
3 223 390
3 224 390
3 225 390
3 226 390
3 227 390
3 228 390
3 229 390
3 230 390
3 231 390
3 232 390
3 233 390
3 234 390
3 235 390
3 236 390
3 237 390
3 238 390
3 239 390
3 240 390
3 241 390
3 242 390
3 243 390
3 244 390
3 245 390
3 246 390
3 247 390
3 248 390
3 249 390
3 250 390
3 251 390
3 252 390
3 253 390
3 254 390
3 255 390
3 256 390
3 257 390
3 258 390
3 259 390
3 260 390
3 261 390
3 262 390
3 263 390
3 264 390
3 265 390
3 266 390
3 267 390
3 268 390
3 269 390
3 270 390
3 271 390
3 272 390
3 273 390
3 274 390
3 275 390
3 276 390
3 277 390
3 278 390
3 279 390
3 280 390
3 281 390
3 282 390
3 283 390
3 284 390
3 285 390
3 286 390
3 287 390
3 288 390
3 289 390
3 290 390
3 291 390
3 292 390
3 293 390
3 294 390
3 295 390
3 296 390
3 297 390
3 298 390
3 299 390
3 300 390
3 301 390
3 302 390
3 303 390
3 304 390
3 305 390
3 306 390
3 307 390
3 308 390
3 309 390
3 310 390
3 311 390
3 312 390
3 313 390
3 314 390
3 315 390
3 316 390
3 317 390
3 318 390
3 319 390
3 320 390
3 321 390
3 322 390
3 323 390
3 324 390
3 325 390
3 326 390
3 327 390
3 328 390
3 329 390
3 330 390
3 331 390
3 332 390
3 333 390
3 334 390
3 335 390
3 336 390
3 337 390
3 338 390
3 339 390
3 340 390
3 341 390
3 342 390
3 343 390
3 344 390
3 345 390
3 346 390
3 347 390
3 348 390
3 349 390
3 350 390
3 351 390
3 352 390
3 353 390
3 354 390
3 355 390
3 356 390
3 357 390
3 358 390
3 359 390
3 360 390
3 361 390
3 362 390
3 363 390
3 364 390
3 365 390
3 366 390
3 367 390
3 368 390
3 369 390
3 370 390
3 371 390
3 372 390
3 373 390
3 374 390
3 375 390
3 376 390
3 377 390
3 378 390
3 379 390
3 380 390
3 381 390
3 382 390
3 383 390
3 384 390
3 385 390
3 386 390
3 387 390
3 388 390
3 389 390
3 390 390
3 391 390
3 392 390
3 393 390
3 394 390
3 395 390
3 396 390
3 397 390
3 398 390
3 399 390
3 400 390
3 401 390
3 402 390
3 403 390
3 404 390
3 405 390
3 406 390
3 407 390
3 408 390
3 409 390
3 410 390
3 411 390
3 412 390
3 413 390
3 414 390
3 415 390
3 416 390
3 417 390
3 418 390
3 419 390
3 420 390
3 421 390
3 422 390
3 423 390
3 424 390
3 425 390
3 426 390
3 427 390
3 428 390
3 429 390
3 430 390
3 431 390
3 432 390
3 433 390
3 434 390
3 435 390
3 436 390
3 437 390
3 438 390
3 439 390
3 631 309
3 630 309
3 629 309
3 628 309
3 627 309
3 626 309
3 625 309
3 624 309
3 623 309
3 622 309
3 621 309
3 620 309
3 619 309
3 618 309
3 617 309
3 616 309
3 615 309
3 614 309
3 613 309
3 612 309
3 611 309
3 610 309
3 609 309
3 608 309
3 607 309
3 606 309
3 605 309
3 604 309
3 603 309
3 602 309
3 601 309
3 600 309
3 599 309
3 598 309
3 597 309
3 596 309
3 595 309
3 594 309
3 593 309
3 592 309
3 591 309
3 590 309
3 589 309
3 588 309
3 587 309
3 586 309
3 585 309
3 584 309
3 583 309
3 582 309
3 581 309
3 580 309
3 579 309
3 578 309
3 577 309
3 576 309
3 575 309
3 574 309
3 573 309
3 572 309
3 571 309
3 570 309
3 569 309
3 568 309
3 567 309
3 566 309
3 565 309
3 564 309
3 563 309
3 562 309
3 561 309
3 560 309
3 559 309
3 558 309
3 557 309
3 556 309
3 555 309
3 554 309
3 553 309
3 552 309
3 551 309
3 550 309
3 549 309
3 548 309
3 547 309
3 546 309
3 545 309
3 544 309
3 543 309
3 542 309
3 541 309
3 540 309
3 539 309
3 538 309
3 537 309
3 536 309
3 535 309
3 534 309
3 533 309
3 532 309
3 531 309
3 530 309
3 529 309
3 528 309
3 527 309
3 526 309
3 525 309
3 524 309
3 523 309
3 522 309
3 521 309
3 520 309
3 519 309
3 518 309
3 517 309
3 516 309
3 515 309
3 514 309
3 513 309
3 512 309
3 511 309
3 510 309
3 509 309
3 508 309
3 507 309
3 506 309
3 505 309
3 504 309
3 503 309
3 502 309
3 501 309
3 500 309
3 499 309
3 498 309
3 497 309
3 496 309
3 495 309
3 494 309
3 493 309
3 492 309
3 491 309
3 490 309
3 489 309
3 488 309
3 487 309
3 486 309
3 485 309
3 484 309
3 483 309
3 482 309
3 481 309
3 480 309
3 479 309
3 478 309
3 477 309
3 476 309
3 475 309
3 474 309
3 473 309
3 472 309
3 471 309
3 470 309
3 469 309
3 468 309
3 467 309
3 466 309
3 465 309
3 464 309
3 463 309
3 462 309
3 461 309
3 460 309
3 459 309
3 458 309
3 457 309
3 456 309
3 455 309
3 454 309
3 453 309
3 452 309
3 451 309
3 450 309
3 449 309
3 448 309
3 447 309
3 446 309
3 445 309
3 444 309
3 443 309
3 442 309
3 441 309
C 440 310
C 440 311
C 440 312
C 440 313
C 440 314
C 440 315
C 440 316
C 440 317
C 440 318
C 440 319
C 440 320
C 440 321
3 681 192
3 680 192
3 679 192
3 678 192
3 677 192
3 676 192
3 675 192
3 674 192
3 673 192
3 672 192
3 671 192
3 670 192
3 669 192
3 668 192
3 667 192
3 666 192
3 665 192
3 664 192
3 663 192
3 662 192
3 661 192
3 660 192
3 659 192
3 658 192
3 657 192
3 656 192
3 655 192
3 654 192
3 653 192
3 652 192
3 651 192
3 650 192
3 649 192
3 648 192
3 647 192
3 646 192
3 645 192
3 644 192
3 643 192
3 642 192
3 641 192
3 640 192
3 639 192
3 638 192
3 637 192
3 636 192
3 635 192
3 634 192
3 633 192
3 632 192
3 631 192
3 630 192
3 629 192
3 628 192
3 627 192
3 626 192
3 625 192
3 624 192
3 623 192
3 622 192
3 621 192
3 620 192
3 619 192
3 618 192
3 617 192
3 616 192
3 615 192
3 614 192
3 613 192
3 612 192
3 611 192
3 610 192
3 609 192
3 608 192
3 607 192
3 606 192
3 605 192
3 604 192
3 603 192
3 602 192
3 601 192
3 600 192
3 599 192
3 598 192
3 597 192
3 596 192
3 595 192
3 594 192
3 593 192
3 592 192
3 591 192
3 590 192
3 589 192
3 588 192
3 587 192
3 586 192
3 585 192
3 584 192
3 583 192
3 582 192
3 581 192
3 580 192
3 579 192
3 578 192
3 577 192
3 576 192
3 575 192
3 574 192
3 573 192
3 572 192
3 571 192
3 570 192
3 569 192
3 568 192
3 567 192
3 566 192
3 565 192
3 564 192
3 563 192
3 562 192
3 561 192
3 560 192
3 559 192
3 558 192
3 557 192
3 556 192
3 555 192
3 554 192
3 553 192
3 552 192
3 551 192
3 550 192
3 549 192
3 548 192
3 547 192
3 546 192
3 545 192
3 544 192
3 543 192
3 542 192
3 541 192
3 540 192
3 539 192
3 538 192
3 537 192
3 536 192
3 535 192
3 534 192
3 533 192
3 532 192
3 531 192
3 530 192
3 529 192
3 528 192
3 527 192
3 526 192
3 525 192
3 524 192
3 523 192
3 522 192
3 521 192
3 520 192
3 519 192
3 518 192
3 517 192
3 516 192
3 515 192
3 514 192
3 513 192
3 512 192
3 511 192
3 510 192
3 509 192
3 508 192
3 507 192
3 506 192
3 505 192
3 504 192
3 503 192
3 502 192
3 501 192
3 500 192
3 499 192
3 498 192
3 497 192
3 496 192
3 495 192
3 494 192
3 493 192
3 492 192
3 491 192
3 490 192
3 489 192
3 488 192
3 487 192
3 486 192
3 485 192
3 484 192
3 483 192
3 482 192
3 481 192
3 480 192
3 479 192
3 478 192
3 477 192
3 476 192
3 475 192
3 474 192
3 473 192
3 472 192
3 471 192
3 470 192
3 469 192
3 468 192
3 467 192
3 466 192
3 465 192
3 464 192
3 463 192
3 462 192
3 461 192
3 460 192
3 459 192
3 458 192
3 457 192
3 456 192
3 455 192
3 454 192
3 453 192
3 452 192
3 451 192
3 450 192
3 449 192
3 448 192
3 447 192
3 446 192
3 445 192
3 444 192
3 443 192
3 442 192
3 441 192
3 440 192
C 440 193
C 440 194
C 440 195
C 440 196
C 440 197
C 440 198
C 440 199
C 440 200
C 440 201
C 440 202
C 440 203
C 440 204
C 440 205
C 440 206
C 440 207
C 440 208
C 440 209
C 440 210
C 440 211
C 440 212
C 440 213
C 440 214
C 440 215
C 440 216
C 440 217
C 440 218
C 440 219
C 440 220
C 440 221
C 440 222
C 440 223
C 440 224
C 440 225
C 440 226
C 440 227
C 440 228
C 440 229
C 440 230
C 440 231
C 440 232
C 440 233
C 440 234
C 440 235
C 440 236
C 440 237
C 440 238
C 440 239
C 440 240
C 440 241
C 440 242
C 440 243
C 440 244
C 440 245
C 440 246
C 440 247
C 440 248
C 440 249
C 440 250
C 440 251
C 440 252
C 440 253
C 440 254
C 440 255
C 440 256
C 440 257
C 440 258
C 440 259
C 440 260
C 440 261
C 440 262
C 440 263
C 440 264
C 440 265
C 440 266
C 440 267
C 440 268
C 440 269
C 440 270
C 440 271
C 440 272
C 440 273
C 440 274
C 440 275
C 440 276
C 440 277
C 440 278
C 440 279
C 440 280
C 440 281
C 440 282
C 440 283
C 440 284
C 440 285
C 440 286
C 440 287
C 440 288
C 440 289
C 440 290
C 440 291
C 440 292
C 440 293
C 440 294
C 440 295
C 440 296
C 440 297
C 440 298
C 440 299
C 440 300
C 440 301
C 440 302
C 440 303
C 440 304
C 440 305
C 440 306
C 440 307
C 440 308
3 206 327
3 207 327
3 208 327
3 209 327
3 210 327
3 211 327
3 212 327
3 213 327
3 214 327
3 215 327
3 216 327
3 217 327
3 218 327
3 219 327
3 220 327
3 221 327
3 222 327
3 223 327
3 224 327
3 225 327
3 226 327
3 227 327
3 228 327
3 229 327
3 230 327
3 231 327
3 232 327
3 233 327
3 234 327
3 235 327
3 236 327
3 237 327
3 238 327
3 239 327
3 240 327
3 241 327
3 242 327
3 243 327
3 244 327
3 245 327
3 246 327
3 247 327
3 248 327
3 249 327
3 250 327
3 251 327
3 252 327
3 253 327
3 254 327
3 255 327
3 256 327
3 257 327
3 258 327
3 259 327
3 260 327
3 261 327
3 262 327
3 263 327
3 264 327
3 265 327
3 266 327
3 267 327
3 268 327
3 269 327
3 270 327
3 271 327
3 272 327
3 273 327
3 274 327
3 275 327
3 276 327
3 277 327
3 278 327
3 279 327
3 280 327
3 281 327
3 282 327
3 283 327
3 284 327
3 285 327
3 286 327
3 287 327
3 288 327
3 289 327
3 290 327
3 291 327
3 292 327
3 293 327
3 294 327
3 295 327
3 296 327
3 297 327
3 298 327
3 299 327
3 300 327
3 301 327
3 302 327
3 303 327
3 304 327
3 305 327
3 306 327
3 307 327
3 308 327
3 309 327
3 310 327
3 311 327
3 312 327
3 313 327
3 314 327
3 315 327
3 316 327
3 317 327
3 318 327
3 319 327
3 320 327
3 321 327
3 322 327
3 323 327
3 324 327
3 325 327
3 326 327
3 327 327
3 328 327
3 329 327
3 330 327
3 331 327
3 332 327
3 333 327
3 334 327
3 335 327
3 336 327
3 337 327
3 338 327
3 339 327
3 340 327
3 341 327
3 342 327
3 343 327
3 344 327
3 345 327
3 346 327
3 347 327
3 348 327
3 349 327
3 350 327
3 351 327
3 352 327
3 353 327
3 354 327
3 355 327
3 356 327
3 357 327
3 358 327
3 359 327
3 360 327
3 361 327
3 362 327
3 363 327
3 364 327
3 365 327
3 366 327
3 367 327
3 368 327
3 369 327
3 370 327
3 371 327
3 372 327
3 373 327
3 374 327
3 375 327
3 376 327
3 377 327
3 378 327
3 379 327
3 380 327
3 381 327
3 382 327
3 383 327
3 384 327
3 385 327
3 386 327
3 387 327
3 388 327
3 389 327
3 390 327
3 391 327
3 392 327
3 393 327
3 394 327
3 395 327
3 396 327
3 397 327
3 398 327
3 399 327
3 400 327
3 401 327
3 402 327
3 403 327
3 404 327
3 405 327
3 406 327
3 407 327
3 408 327
3 409 327
3 410 327
3 411 327
3 412 327
3 413 327
3 414 327
3 415 327
3 416 327
3 417 327
3 418 327
3 419 327
3 420 327
3 421 327
3 422 327
3 423 327
3 424 327
3 425 327
3 426 327
3 427 327
3 428 327
3 429 327
3 430 327
3 431 327
3 432 327
3 433 327
3 434 327
3 435 327
3 436 327
3 437 327
3 438 327
3 439 327
3 441 328
