7 59 22
7 58 22
7 57 22
7 56 22
7 55 22
7 54 22
7 53 22
7 52 22
7 51 22
7 50 22
7 49 22
E 49 21
E 49 20
7 18 22
7 19 22
7 20 22
7 21 22
7 22 22
7 23 22
7 24 22
7 25 22
7 26 22
7 27 22
7 28 22
7 29 22
7 30 22
7 31 22
7 32 22
7 33 22
7 34 22
7 35 22
7 36 22
7 37 22
7 38 22
7 39 22
7 40 22
7 41 22
7 42 22
7 43 22
7 44 22
7 45 22
7 46 22
7 47 22
7 48 22
7 69 17
7 68 17
7 67 17
7 66 17
7 65 17
7 64 17
7 63 17
7 62 17
7 61 17
7 60 17
7 59 17
7 58 17
7 57 17
7 56 17
7 55 17
7 54 17
7 53 17
7 52 17
7 51 17
7 50 17
7 49 17
E 49 18
E 49 19
