3 260 378
3 259 378
3 258 378
3 257 378
3 256 378
3 255 378
3 254 378
3 253 378
3 252 378
3 251 378
3 250 378
3 249 378
3 248 378
3 247 378
3 246 378
3 245 378
3 244 378
3 243 378
3 242 378
3 241 378
3 240 378
3 239 378
3 238 378
3 237 378
3 236 378
3 235 378
3 234 378
3 233 378
3 232 378
3 231 378
3 230 378
3 229 378
3 228 378
3 227 378
3 226 378
3 225 378
3 224 378
3 223 378
3 222 378
3 221 378
3 220 378
3 219 378
3 218 378
3 217 378
3 216 378
3 215 378
3 214 378
3 213 378
3 212 378
3 211 378
3 210 378
3 209 378
3 208 378
3 207 378
3 206 378
3 205 378
9 204 378
C 204 377
C 204 376
C 204 375
C 204 374
C 204 373
C 204 372
C 204 371
C 204 370
C 204 369
C 204 368
C 204 367
C 204 366
C 204 365
C 204 364
C 204 363
C 204 362
C 204 361
C 204 360
C 204 359
C 204 358
C 204 357
C 204 356
C 204 355
C 204 354
C 204 353
C 204 352
C 204 351
C 204 350
C 204 349
C 204 348
C 204 347
C 204 346
C 204 345
C 204 344
C 204 343
C 204 342
C 204 341
C 204 340
C 204 339
C 204 338
C 204 337
C 204 336
C 204 335
C 204 334
C 204 333
C 204 332
C 204 331
C 204 330
C 204 329
C 204 328
C 204 327
C 204 326
C 204 325
C 204 324
C 204 323
C 204 322
C 204 321
C 204 320
C 204 319
C 204 318
C 204 317
C 204 316
C 204 315
C 204 314
C 204 313
C 204 312
C 204 311
C 204 310
C 204 309
C 204 308
C 204 307
C 204 306
C 204 305
C 204 304
C 204 303
C 204 302
C 204 301
C 204 300
C 204 299
C 204 298
C 204 297
C 204 296
C 204 295
C 204 294
C 204 293
C 204 292
C 204 291
C 204 290
C 204 289
C 204 288
C 204 287
C 204 286
C 204 285
C 204 284
C 204 283
C 204 282
C 204 281
C 204 280
C 204 279
C 204 278
C 204 277
C 204 276
C 204 275
C 204 274
C 204 273
C 204 272
C 204 271
C 204 270
C 204 269
C 204 268
C 204 267
C 204 266
C 204 265
C 204 264
C 204 263
C 204 262
C 204 261
C 204 260
C 204 259
C 204 258
C 204 257
C 204 256
C 204 255
C 204 254
C 204 253
C 204 252
C 204 251
C 204 250
C 204 249
C 204 248
C 204 247
C 204 246
C 204 245
C 204 244
C 204 243
C 204 242
C 204 241
C 204 240
C 204 239
C 204 238
C 204 237
C 204 236
C 204 235
C 204 234
C 204 233
C 204 232
C 204 231
C 204 230
C 204 229
C 204 228
C 204 227
C 204 226
C 204 225
C 204 224
C 204 223
C 204 222
C 204 221
C 204 220
C 204 219
C 204 218
C 204 217
C 204 216
C 204 215
C 204 214
C 204 213
C 204 212
C 204 211
C 204 210
C 204 209
C 204 208
C 204 207
F 204 206
F 204 205
F 204 204
F 204 203
F 204 202
F 204 201
F 204 200
F 204 199
F 204 198
F 204 197
3 38 6
3 39 6
3 40 6
3 41 6
3 42 6
3 43 6
3 44 6
3 45 6
3 46 6
3 47 6
3 48 6
3 49 6
3 50 6
3 51 6
3 52 6
3 53 6
3 54 6
3 55 6
3 56 6
3 57 6
3 58 6
3 59 6
3 60 6
3 61 6
3 62 6
3 63 6
3 64 6
3 65 6
3 66 6
3 67 6
3 68 6
3 69 6
3 70 6
3 71 6
3 72 6
3 73 6
3 74 6
3 75 6
3 76 6
3 77 6
3 78 6
3 79 6
3 80 6
3 81 6
3 82 6
3 83 6
3 84 6
3 85 6
3 86 6
3 87 6
3 88 6
3 89 6
3 90 6
3 91 6
3 92 6
3 93 6
3 94 6
3 95 6
3 96 6
3 97 6
3 98 6
3 99 6
3 100 6
3 101 6
3 102 6
3 103 6
3 104 6
3 105 6
3 106 6
3 107 6
3 108 6
3 109 6
3 110 6
3 111 6
3 112 6
3 113 6
3 114 6
3 115 6
3 116 6
3 117 6
3 118 6
3 119 6
3 120 6
3 121 6
3 122 6
3 123 6
3 124 6
3 125 6
3 126 6
3 127 6
3 128 6
3 129 6
3 130 6
3 131 6
3 132 6
3 133 6
3 134 6
3 135 6
3 136 6
3 137 6
3 138 6
3 139 6
3 140 6
3 141 6
3 142 6
3 143 6
3 144 6
3 145 6
3 146 6
3 147 6
3 148 6
3 149 6
3 150 6
3 151 6
3 152 6
3 153 6
3 154 6
3 155 6
3 156 6
3 157 6
3 158 6
3 159 6
3 160 6
3 161 6
3 162 6
3 163 6
3 164 6
3 165 6
3 166 6
3 167 6
3 168 6
3 169 6
3 170 6
3 171 6
3 172 6
3 173 6
3 174 6
3 175 6
3 176 6
3 177 6
3 178 6
3 179 6
3 180 6
3 181 6
3 182 6
3 183 6
3 184 6
3 185 6
3 186 6
3 187 6
3 188 6
3 189 6
3 190 6
3 191 6
F 192 6
F 193 6
F 194 6
F 195 6
F 196 6
F 197 6
F 198 6
F 199 6
F 200 6
F 201 6
F 202 6
F 203 6
E 204 6
C 204 7
C 204 8
C 204 9
C 204 10
C 204 11
C 204 12
C 204 13
C 204 14
C 204 15
C 204 16
C 204 17
C 204 18
C 204 19
C 204 20
C 204 21
C 204 22
C 204 23
C 204 24
C 204 25
C 204 26
C 204 27
C 204 28
C 204 29
C 204 30
C 204 31
C 204 32
C 204 33
C 204 34
C 204 35
C 204 36
C 204 37
C 204 38
C 204 39
C 204 40
C 204 41
C 204 42
C 204 43
C 204 44
C 204 45
E 204 46
E 204 47
E 204 48
E 204 49
E 204 50
E 204 51
E 204 52
E 204 53
E 204 54
E 204 55
E 204 56
E 204 57
E 204 58
E 204 59
E 204 60
E 204 61
E 204 62
E 204 63
E 204 64
E 204 65
E 204 66
E 204 67
E 204 68
E 204 69
E 204 70
E 204 71
E 204 72
E 204 73
E 204 74
E 204 75
E 204 76
E 204 77
E 204 78
E 204 79
E 204 80
E 204 81
E 204 82
E 204 83
E 204 84
E 204 85
E 204 86
E 204 87
E 204 88
E 204 89
E 204 90
E 204 91
E 204 92
E 204 93
E 204 94
E 204 95
E 204 96
E 204 97
E 204 98
E 204 99
E 204 100
E 204 101
E 204 102
E 204 103
E 204 104
E 204 105
E 204 106
E 204 107
E 204 108
E 204 109
E 204 110
E 204 111
E 204 112
E 204 113
E 204 114
E 204 115
E 204 116
E 204 117
E 204 118
E 204 119
E 204 120
E 204 121
E 204 122
E 204 123
E 204 124
E 204 125
E 204 126
E 204 127
E 204 128
E 204 129
E 204 130
E 204 131
E 204 132
E 204 133
E 204 134
E 204 135
E 204 136
E 204 137
E 204 138
E 204 139
E 204 140
E 204 141
E 204 142
E 204 143
E 204 144
E 204 145
E 204 146
E 204 147
E 204 148
E 204 149
E 204 150
E 204 151
E 204 152
E 204 153
E 204 154
E 204 155
E 204 156
E 204 157
E 204 158
E 204 159
E 204 160
E 204 161
E 204 162
E 204 163
E 204 164
E 204 165
E 204 166
E 204 167
E 204 168
E 204 169
E 204 170
E 204 171
E 204 172
E 204 173
E 204 174
E 204 175
E 204 176
E 204 177
E 204 178
E 204 179
E 204 180
E 204 181
E 204 182
E 204 183
E 204 184
E 204 185
E 204 186
E 204 187
E 204 188
E 204 189
E 204 190
E 204 191
E 204 192
E 204 193
E 204 194
E 204 195
E 204 196
F 308 206
F 307 206
F 306 206
F 305 206
F 304 206
F 303 206
F 302 206
F 301 206
F 300 206
F 299 206
F 298 206
F 297 206
F 296 206
F 295 206
F 294 206
F 293 206
F 292 206
F 291 206
F 290 206
F 289 206
F 288 206
F 287 206
F 286 206
F 285 206
F 284 206
F 283 206
F 282 206
F 281 206
F 280 206
F 279 206
F 278 206
F 277 206
F 276 206
F 275 206
F 274 206
F 273 206
F 272 206
F 271 206
F 270 206
F 269 206
F 268 206
F 267 206
F 266 206
F 265 206
F 264 206
F 263 206
F 262 206
F 261 206
F 260 206
F 259 206
F 258 206
F 257 206
F 256 206
F 255 206
F 254 206
F 253 206
F 252 206
F 251 206
F 250 206
F 249 206
F 248 206
F 247 206
F 246 206
F 245 206
F 244 206
F 243 206
F 242 206
F 241 206
F 240 206
F 239 206
F 238 206
F 237 206
F 236 206
F 235 206
F 234 206
F 233 206
F 232 206
F 231 206
F 230 206
F 229 206
F 228 206
F 227 206
F 226 206
F 225 206
F 224 206
F 223 206
F 222 206
F 221 206
F 220 206
F 219 206
F 218 206
F 217 206
F 216 206
F 215 206
F 214 206
F 213 206
F 212 206
F 211 206
F 210 206
F 209 206
F 208 206
F 207 206
F 206 206
F 205 206
F 209 199
F 208 199
F 207 199
F 206 199
F 205 199
