298852
285297
374348
387689
388302
195138
262729
328603
20755
337289
37249
116015
244275
118431
130408
424738
137849
139435
260609
307599
370266
3622
263518
314989
147261
220654
365476
495691
5472
9643
10545
285425
286522
289695
478564
21589
57930
181750
209482
211523
223724
224200
457688
192515
224207
260715
303918
309579
395392
456591
460547
465032
486456
494338
97780
126178
282865
320411
333365
372295
390535
441773
480423
5062
13316
16518
24501
42314
93069
117551
223967
224946
301239
314048
332595
426031
447127
454813
457651
55711
103894
130275
179991
205284
235137
238111
245841
349656
357547
463783
3836
65973
75495
79895
96075
132939
288802
343339
404629
447774
470630
481541
120268
142003
162433
194487
219394
288476
295248
344093
346670
355949
429547
446452
19396
48091
65926
70417
85207
102468
202434
291870
319740
321296
341386
344387
418115
426932
11270
98110
105421
112970
120197
128128
129384
149644
150328
165058
192903
204998
227788
268873
269244
290867
292095
328408
341327
388617
392639
403052
428133
447349
450821
458333
474747
490527
50461
61132
62410
103465
137669
174541
186079
187235
187411
228923
279726
304510
315325
330374
331217
347989
428777
442643
454550
475147
479058
479087
26618
27010
58581
70684
134061
176613
202319
357124
360278
362605
368641
385641
393994
421803
424537
428517
428800
429890
430722
440862
440919
456030
465065
470177
495567
5831
43096
49157
72468
81520
89623
106116
126035
131489
158718
193342
214325
223733
236747
237662
254335
264992
273003
274384
281783
294943
304358
312783
326425
340713
353554
360126
367701
415288
456541
468245
476261
23559
24732
43989
49921
77205
81231
123107
140040
142031
153131
199567
214582
215032
215092
232009
233067
243553
250743
251429
270929
287352
290653
298690
324021
333762
380036
397795
400366
422174
455971
483830
497297
481589
1128
25929
49119
63206
85689
90346
183655
192833
243494
282834
285016
314450
334629
335148
344365
348686
353211
355597
435725
459892
484428
78619
229986
440096
29141
30909
43701
70002
70419
89341
92947
101242
119722
122066
149543
224431
241723
249003
258721
275439
283206
287137
313239
322733
329730
330838
343211
399628
407645
424690
437181
442574
445434
465314
466591
484410
496049
37906
52673
58145
66779
73959
90210
95299
102026
103434
123357
135887
151299
198028
199435
209884
218787
222915
225665
236217
249301
324117
334355
336228
355944
373847
420846
441169
441880
479124
483119
104840
120134
422906
7723
8283
9864
12295
31629
108122
135859
150163
178944
225157
273433
302843
321235
323036
345860
349148
354768
355716
363411
368519
373058
378322
400418
482402
495100
161888
39063
60393
63693
64945
65751
66237
95651
120590
196567
198549
199290
204967
211367
264039
266110
287893
290964
324344
338474
345105
348057
350902
359015
369717
411907
420033
420707
423985
439705
442140
457179
489106
499941
213359
6894
18287
18335
21950
23151
38027
43219
46534
56222
58727
67403
88361
97706
101554
103642
109051
114863
116302
138618
147553
150079
164697
176839
177927
207398
209466
211443
212171
231510
239577
250297
269907
283570
284040
294147
316084
320991
338532
362642
370351
371350
383999
387922
392751
396782
408274
420156
436063
456565
460589
470006
476360
487965
53269
95772
377
6090
9289
23304
28222
32276
34762
46485
48210
67039
69011
86859
101209
104183
105684
116868
142966
175641
187427
219420
224383
227416
232780
253847
263520
266541
281213
284825
288061
288661
292581
302931
305966
349774
367551
368286
372264
382784
384312
432998
437348
446063
457636
468383
468778
475463
92187
431340
480004
4250
12047
34732
50445
60245
94318
103314
174993
187550
189658
199634
222857
229691
241013
257730
259175
262516
282755
305455
334279
349359
358274
361366
363815
390149
398098
399000
405573
412063
424358
431944
433718
469919
488826
491783
185530
218073
490021
6330
8390
15212
16035
17228
19819
27213
40463
41053
43690
46538
49302
55784
56293
63652
64113
68567
76552
90623
95776
95844
97977
102697
104229
142810
149688
158604
187980
194643
209317
214251
221552
235519
250710
263765
269314
269482
271269
271939
279038
282952
290514
290906
298092
300175
302817
303398
313295
325251
335423
350646
366405
391396
395106
440961
459478
477068
482957
496266
251997
306728
173072
417282
396383
282069
413495
452266
453686
159580
37388
158594
424894
459838
293849
294694
171922
282417
49611
208787
355636
494423
136956
210062
253233
425964
259711
393404
487889
67242
208018
446236
376432
468784
31961
256047
281449
376328
423853
421847
112055
240120
483216
165890
3642
117738
148219
175712
498467
64892
82045
229550
5988
386839
208281
52643
91276
183790
268329
153553
168594
414159
472504
62598
68255
96798
123886
139641
158637
166156
173869
236120
289590
453968
476590
23169
75345
311210
302605
334073
453600
253488
393813
435830
472961
99026
6193
20771
34980
233358
472522
106933
169186
412842
496633
4626
14324
18906
23147
34389
36910
53153
66825
89671
94954
101223
104142
125938
157182
166581
169843
171933
172199
173068
178121
195040
205435
211180
219977
247806
248043
268174
269765
276319
278975
287777
302720
304290
305137
308240
309157
333399
333407
334729
339516
344080
356372
367659
388843
412400
413306
415247
417270
417924
434777
442159
456951
458522
462682
476756
486736
487607
1777
8595
116693
267032
81967
282852
335735
394154
15078
128016
31174
276348
126335
285389
335906
357405
27321
69764
220390
220897
97021
386744
466316
360150
417656
45119
112726
236958
428674
439101
244775
79309
99965
212666
251867
299295
405457
461762
141432
377780
242016
9444
282553
338810
12636
358649
484626
125991
149854
157675
168434
301048
235543
319586
378870
130581
172842
328094
61053
133484
382183
20635
102292
454850
124185
137452
181685
199983
250549
324579
328501
353738
361591
378156
427929
486109
119743
302030
380348
451502
19766
42961
377926
30489
336905
451050
24503
142661
248302
373694
259067
99110
170874
391476
407914
18763
245535
294285
445124
109379
143595
263086
183166
187640
420650
75721
398788
1715
347106
361322
81779
116541
428487
174014
201608
17663
22520
31855
37796
73171
95339
98604
124421
128166
150575
173656
177391
192077
194436
217127
226555
236004
252667
257690
267216
273354
302172
310146
316201
333286
335277
337998
356563
378192
381837
387498
396155
436506
443003
455187
455203
456085
456886
457452
493601
27509
24536
218876
82266
111985
478263
8131
208321
268166
232322
117036
351854
217263
225503
362570
119521
451606
3302
434814
26324
255593
99660
108015
414051
20356
184630
442376
423649
454918
478629
490037
241587
362913
99853
413602
121905
262266
429509
348238
418609
72507
62112
438791
293261
383148
477530
30163
406911
368092
56834
303148
406627
39173
42634
218947
238813
440221
285566
163045
329679
358440
496749
32932
182710
173640
289776
58425
38851
196072
67850
158903
184462
226459
443696
