189
421
64
758
179
938
209
739
350
136
327
665
429
358
210
404
508
185
495
289
812
96
607
811
787
606
20
8
87
896
916
530
765
424
776
553
444
680
805
773
820
303
809
544
415
594
699
191
816
851
855
19
455
342
897
541
447
309
290
982
567
702
0
250
143
716
885
988
59
305
710
521
498
688
269
482
21
137
121
843
296
333
291
886
331
701
410
378
591
823
365
905
750
307
611
75
89
613
641
134
672
501
322
123
859
540
737
159
719
36
200
946
726
683
245
846
401
528
524
216
919
573
952
616
427
232
762
651
717
997
779
398
12
363
924
797
862
720
54
352
237
201
756
793
67
909
713
218
246
880
985
760
584
546
945
354
359
537
120
932
355
48
41
734
243
977
127
381
995
10
323
837
425
548
522
920
818
996
928
24
593
666
543
686
437
638
163
391
335
568
6
377
282
397
2
112
379
531
316
239
744
642
653
967
450
34
738
619
139
512
104
483
835
791
639
939
356
572
603
317
370
970
63
351
169
742
431
592
196
311
258
590
951
428
992
279
815
456
558
960
235
479
929
443
138
347
927
668
941
615
197
69
259
448
219
399
848
409
110
193
868
47
574
108
184
380
458
890
505
795
148
640
231
228
694
346
538
23
274
81
366
244
695
953
100
361
660
627
542
481
576
870
803
234
948
649
580
156
854
962
549
511
1
101
408
340
525
687
551
171
167
753
504
654
861
586
684
821
226
984
838
569
348
205
73
31
605
129
703
86
866
670
872
273
785
39
516
308
470
99
808
469
477
35
472
490
957
943
949
617
277
106
873
257
696
675
693
240
980
4
373
624
801
157
827
467
802
385
203
83
190
489
736
68
186
194
784
176
299
595
266
376
937
725
414
509
707
743
386
635
295
800
233
188
786
406
690
648
918
513
150
754
856
829
412
552
5
476
781
933
42
709
602
221
529
506
172
454
874
814
174
383
936
853
46
264
964
206
468
321
658
441
198
631
207
270
825
214
116
390
80
942
217
958
473
669
560
260
535
585
384
646
876
453
449
741
561
330
917
122
864
986
402
515
950
625
242
545
577
582
794
583
850
222
609
283
153
527
49
457
559
597
636
673
325
336
413
930
170
931
131
879
241
901
50
56
704
981
806
712
771
155
388
500
175
38
842
230
315
97
478
497
789
433
759
74
389
493
77
430
281
152
748
253
181
520
52
13
103
182
867
679
238
22
878
465
173
140
711
286
28
973
416
411
45
539
320
581
151
107
671
486
371
422
598
834
485
579
676
578
894
926
656
30
29
783
947
