298852
285297
374348
387689
388302
195138
262729
328603
20755
337289
37249
116015
244275
118431
3
6
7
14
15
130408
25
27
42
85
94
96
424738
137849
101
139435
260609
112
124
138
307599
370266
157
169
185
222
3622
263518
314989
262
147261
275
220654
365476
283
288
495691
315
5472
317
9643
343
10545
285425
286522
351
410
449
289695
482
496
478564
526
540
21589
605
624
57930
181750
209482
639
211523
666
675
223724
224200
677
727
457688
731
735
192515
224207
736
260715
743
303918
309579
395392
753
456591
764
460547
783
795
465032
486456
494338
811
841
97780
126178
867
877
892
282865
320411
908
912
333365
372295
390535
913
926
441773
480423
949
976
5062
984
1000
13316
16518
24501
42314
93069
1019
1066
117551
223967
1067
1069
224946
301239
1088
314048
332595
1097
426031
447127
454813
457651
1122
1170
1175
55711
103894
130275
1177
1179
179991
205284
235137
1184
1194
238111
245841
349656
1197
357547
1200
1214
463783
1215
1222
1225
1231
3836
1235
1239
1247
1254
65973
75495
79895
96075
132939
1264
288802
343339
404629
447774
470630
481541
120268
142003
1281
1305
1311
162433
194487
1314
1342
1348
1352
219394
288476
1357
1362
1363
295248
1364
344093
1394
346670
1426
355949
429547
446452
19396
48091
1431
1437
65926
70417
85207
102468
1440
1441
1445
1462
1481
202434
291870
319740
321296
341386
344387
418115
1482
426932
1501
11270
1508
1520
1525
1530
98110
105421
112970
120197
128128
129384
149644
150328
165058
192903
1547
1558
204998
1576
1585
1594
1601
227788
1639
268873
269244
290867
1664
1695
1702
292095
1703
328408
1704
341327
1705
388617
1709
392639
403052
1730
1751
428133
1757
447349
450821
1759
1781
458333
474747
490527
50461
61132
62410
103465
137669
1785
1811
1862
1875
174541
1885
1899
186079
187235
187411
228923
279726
1909
1912
304510
1914
315325
1936
330374
331217
1947
347989
1968
428777
1985
2008
2015
2038
442643
2053
454550
475147
2077
479058
2078
479087
2086
26618
2089
27010
58581
70684
134061
176613
2092
2107
202319
357124
360278
362605
2112
368641
385641
393994
421803
424537
428517
2136
2141
428800
2145
2153
2159
2182
2186
2188
2216
2227
2233
429890
430722
440862
440919
456030
465065
470177
495567
5831
43096
2235
49157
72468
2267
81520
2279
2291
89623
106116
2319
2341
126035
2349
2356
131489
2361
158718
2377
193342
2408
214325
2412
2438
2473
2492
2503
2522
223733
236747
237662
254335
2546
264992
273003
274384
281783
294943
304358
312783
2551
326425
340713
353554
2558
360126
2560
367701
2578
415288
456541
468245
476261
23559
24732
2579
43989
2585
2605
49921
77205
2611
81231
123107
140040
142031
153131
199567
214582
2612
2621
215032
215092
2622
2627
232009
2644
2664
233067
243553
2665
250743
251429
270929
2667
287352
290653
298690
324021
333762
380036
2668
2699
2702
2727
2739
2764
397795
2781
400366
422174
2785
455971
2848
483830
497297
481589
1128
25929
49119
2862
63206
85689
90346
183655
2865
192833
243494
282834
2875
2876
285016
2910
314450
334629
335148
344365
2911
348686
353211
355597
435725
2914
459892
