48023
67138
35894
12911
67123
53649
74045
45142
3175
17700
20706
8796
5239
26643
81356
37783
95824
5672
50755
11563
19373
26639
32144
33194
87455
87583
55484
76592
89248
99726
12685
90702
17277
85364
29379
93907
67406
22314
46687
26155
82693
17626
31873
52059
7598
24826
42754
56927
54111
14495
76289
4137
87212
62029
10375
74232
90624
20208
13433
72096
99635
11598
16425
25568
213
2923
42828
16584
15487
27597
52487
57594
79234
7548
32059
31749
26557
31653
18680
59287
92247
13898
96481
14789
17115
92874
51170
46890
26767
40303
10721
66186
21126
12472
1215
53064
43159
57926
64118
65713
19094
41934
80817
15814
7645
20449
37181
91826
59650
45172
55949
63373
39916
79132
517
23471
19838
25227
53853
94469
35972
9247
44596
94764
4965
22269
84424
88283
28102
71584
62483
49770
50608
49754
54820
47528
95700
90363
94966
4736
50565
41034
53127
14105
94978
21361
86585
36944
7403
21535
35403
60003
33503
98951
77513
86364
46636
77187
49846
81239
31122
13177
99550
8650
74756
38077
89316
35882
10440
1443
64927
56090
28597
25066
57363
28561
39222
28130
95671
39801
60859
92780
97994
21523
73907
11409
38235
69924
23310
54388
78388
81075
79295
94671
15108
19320
63459
97294
84706
61284
36495
42136
45083
87731
41392
88329
81685
32133
67467
8616
49126
67026
94327
68012
91767
88091
42339
69967
15875
25382
61684
26749
26191
49573
38786
62823
24080
13253
34346
59989
49686
95520
96591
69189
74148
23927
15882
18944
26891
68108
46699
39401
39804
96895
17997
15602
37683
13121
11107
80965
35704
56103
1535
54715
38485
62289
86602
76206
82230
7030
66024
43074
60259
90387
36926
24678
2845
94411
271
46159
57157
7589
77405
86059
15478
79797
94025
4627
36248
52280
29078
12360
11921
65475
12662
33513
53544
80946
25967
11079
79294
63923
26121
33446
74113
16698
46215
83608
13762
4396
30442
33250
95657
3951
9687
50846
50109
40456
95838
55028
9386
53819
8277
9001
10004
73819
35516
38379
44725
21445
48839
28849
69021
75676
48290
11543
43190
35887
45047
36528
53854
1925
21130
72813
25419
22795
34844
32021
17065
5561
71691
82318
19025
59842
50866
57503
27463
82481
98881
21092
12956
94837
64638
75467
91923
17921
21051
36909
90668
25684
95912
28950
65349
94177
28441
51585
74439
77371
14765
15783
75026
58128
7804
66044
5662
86118
76803
14065
48904
38387
23228
18388
20444
85932
55104
90090
57266
70530
69686
18206
75507
64227
33030
52518
13257
76340
37447
52172
70040
36721
51011
88964
23648
81729
44393
10777
64207
59811
78767
97057
52546
16301
34783
56638
84732
38859
80194
82135
85032
30989
36006
9399
21729
15065
48144
59889
73836
75426
34382
19457
98749
35081
77402
80863
36219
56238
19715
58501
63342
79047
99559
47990
31036
66484
57513
50845
96030
93598
35725
61755
62708
37199
10581
83428
32361
13610
64816
9245
27348
68314
9767
56798
63669
86584
5980
22358
11754
84758
11031
65165
48892
89409
30292
98360
7061
47513
64719
24698
3706
51412
50313
85061
47236
81673
5633
49328
58678
51617
63148
45926
53148
67276
1237
30871
55110
11248
15372
76064
89990
4034
32970
19443
5680
50710
59129
58145
71420
60040
7050
9529
87453
70498
2079
18426
45099
63744
92886
7822
83791
37756
60517
41462
29719
2521
10639
13511
96439
89580
88623
63913
31074
83870
75902
36516
94428
11786
41170
57432
60511
48096
69944
97458
33918
95081
98023
51593
78378
95027
11461
63601
3157
4121
35696
45419
65867
97718
73406
48007
69753
76134
21289
73539
92225
28122
23908
31112
21657
76971
3453
3555
45885
62273
48361
70767
56257
62377
92323
94926
2615
34541
98547
54664
72847
17860
20185
37679
74735
89469
4415
43156
59822
73060
84509
98084
45416
86977
43579
1431
55029
26889
92318
51891
47732
16460
39371
8644
18343
22060
44635
64505
76878
9927
74933
81741
84017
2268
32608
13310
34204
56379
61527
90553
62592
59699
82490
65893
74059
98115
93909
53990
16304
9462
54646
18715
90268
3707
2359
36644
42156
23978
60346
96911
83505
28955
66858
9619
76602
83260
57420
99740
92441
48786
29844
36433
8551
42458
64528
60042
73860
81338
67321
77613
38751
87805
21125
63384
71153
2879
25131
62209
80779
14634
86790
30531
29233
15186
48462
74008
32859
6861
21477
53515
22117
39570
28292
76010
14638
3514
51443
16392
72645
7527
77318
73213
73343
71764
90955
84328
96098
67502
39720
79450
13987
43466
56435
63021
98337
20429
59649
14459
49129
66964
33050
80657
60476
6015
4174
27896
93792
8802
26533
26653
41689
50380
78088
90718
29933
15260
47740
91043
58748
70655
81906
72390
51300
79077
41583
29281
98907
30937
44611
47611
57048
59211
86702
74551
90988
21722
3726
4956
40254
5912
76481
3346
962
28201
69669
92032
92481
99489
79684
96274
12983
70371
38570
86279
26018
26325
30702
67015
70587
90434
46710
23262
1489
16162
59901
56349
93765
91592
57784
94375
1759
36152
45840
6053
8718
17297
91546
24949
26669
37024
7014
43173
48827
63168
65552
20073
79003
55448
80640
93614
265
97642
94668
78299
10054
30003
14566
83435
20664
21041
23098
34508
84571
83300
19508
10714
26587
65886
43395
36162
81633
15858
81353
12188
70558
26849
13499
69221
71392
63516
67602
75415
81245
41293
89818
35787
45549
50518
50888
69401
89800
27646
72273
67419
90572
96737
5127
68800
21740
43183
31677
43993
12003
80124
13719
15048
17572
60763
29383
39875
80925
42265
76619
10779
30133
89369
92126
80206
96952
67588
80178
84740
9568
72698
94057
17122
33397
44959
36577
57047
45794
65044
47429
60424
25841
91787
64524
79054
91047
25149
92085
11986
55178
27450
75513
57326
30704
50624
52368
53145
94508
18204
96735
44880
14114
30212
77916
36792
70196
81332
92902
13819
12567
12600
45133
16079
23435
35525
41336
59495
91217
19171
87885
94912
13197
16877
25685
86747
29405
72731
54726
59404
79156
87687
10274
82248
98107
27981
65220
22955
35797
44259
93620
52756
10260
54792
29160
49067
65685
38612
75772
23842
94901
97104
42340
18497
93583
36992
68684
39931
42548
64198
73971
42842
87014
80843
20313
88769
95032
1735
92644
85050
20911
76859
70277
26354
49843
38389
10827
55087
17093
56838
57633
81926
59334
62734
37980
89320
64323
65458
83612
25209
7479
27437
40967
83494
49257
86505
66055
93717
47028
99802
5703
27190
87127
38921
43995
45791
51769
62893
69418
48048
64427
71213
81241
88695
94600
77745
21329
99576
33040
35774
21365
10045
61014
30586
756
6269
16865
6284
39402
37308
37060
54914
81600
67610
30863
30059
63963
74709
65057
36473
79623
79859
81923
79162
4119
83160
31948
62170
86869
75668
27216
90720
96983
65555
91930
11614
94526
15870
12038
12914
88664
32495
62595
57440
703
40856
5638
49239
54080
40114
63779
63860
21433
68316
15820
73777
96264
49307
78535
70058
3561
42453
25785
12017
21428
29664
39442
36505
48000
3314
2217
38544
70960
54952
78351
33945
60661
67325
77153
68318
80282
9598
2523
61600
4706
13592
18898
59305
96971
27169
96386
30441
38660
26126
54506
98262
67641
77798
7727
8818
56233
14666
93538
4068
69917
76422
77489
21764
84814
92455
62730
5272
12118
41350
81634
5997
9403
12961
24283
29286
98353
30160
44756
45405
29842
52088
68987
21492
15872
51821
16891
18575
39864
43673
55788
35321
68693
84469
87263
98582
14797
8901
9438
15085
11670
15607
50529
14923
12596
36921
61129
18810
23777
71158
73855
76830
63649
68974
81139
84307
58117
91532
83770
94096
63681
4587
7574
28045
86003
41469
44497
16600
58470
44541
53915
54541
19354
61876
67029
17206
67678
21554
74086
40468
75653
47507
78889
83691
82590
48254
89146
44218
10050
90810
39686
44787
93076
1892
79574
71239
97681
35658
2781
9396
11290
18513
84275
29133
88519
62808
30202
41298
44508
37330
47940
46324
59398
44182
47711
31781
56706
56319
70866
64035
69037
26981
87157
80846
88071
75962
95816
3318
41222
6462
46396
95664
6543
69298
19196
71486
24522
34627
47844
74426
28174
54384
15127
75352
8845
2812
11747
66194
69888
13759
59707
82769
26547
99013
29591
29945
50945
37324
52177
80037
42449
43425
70963
77384
1188
91605
78065
8363
96572
1008
17715
10949
15334
54524
6750
22568
63189
45766
63968
64197
40160
90818
64380
80276
443
82006
90669
96830
2466
91638
25262
19463
37876
28582
30474
14168
31380
39951
3282
43239
46456
64502
59428
53118
56651
96092
56039
61599
98888
63406
66118
68727
69467
73165
25949
7923
76503
93063
73425
85773
83261
47047
6921
70490
37415
42369
31233
50730
51583
65035
79091
84323
89525
91903
28003
96655
22973
3492
153
58967
26757
32282
46970
38680
43267
43507
58530
48050
54314
98840
2007
61170
1164
61638
65817
14840
74580
29087
77497
36545
13015
78986
62251
86960
93699
55079
96007
51307
23151
8533
98223
9257
73624
10867
25865
78870
27372
97443
40881
28646
45137
40154
59523
35432
71222
98752
41495
26213
69521
50789
25237
76887
58627
79825
66980
64923
49350
78488
75059
91847
86530
16951
48724
950
21652
31038
1895
22508
72191
23897
34826
67376
24002
60559
33763
1803
31269
36690
46145
65683
71388
75166
20749
55578
77203
53897
1595
2225
59381
6044
64316
94462
9090
16932
18926
21442
26293
42727
50785
53753
58770
54216
57941
83489
71305
61569
6360
68471
75351
90991
1533
2403
18972
942
6419
26954
2532
32329
33880
34181
48792
6108
52478
73582
64895
77593
43336
77426
23505
78733
12895
89612
29810
30794
92964
40037
2074
93555
15610
96496
67625
16461
86091
22420
67895
83036
95287
32696
14568
51641
16573
48055
43066
36787
60874
43010
66049
54555
56242
69180
73328
86929
81052
92554
79669
97005
60693
12834
34556
44111
45588
52049
56518
95209
70430
7630
62868
76262
51737
68336
77864
71431
16695
79907
71122
84995
37649
96899
79867
88015
35695
84466
90204
46573
6668
6695
90068
12858
84652
23977
55148
28202
29377
6927
30976
11534
31010
36276
4132
37017
38728
39747
25692
17914
50416
76259
10428
61023
61468
89341
70432
14555
72595
22904
91953
75350
68571
79363
81221
86601
203
33818
6593
19073
2735
4193
3760
75301
8007
17835
15634
10224
16850
34019
35334
30039
21291
45711
34503
8013
41345
35837
50298
16603
97239
94325
56894
97577
87237
74074
74377
37015
90473
98015
9693
6122
19182
33653
13895
34948
60364
36567
63417
64844
69419
73109
78717
82658
81294
36326
6370
87509
18483
52904
8807
38996
44229
58235
47127
48804
62752
68434
71256
84369
9896
71453
76949
82067
2208
65690
95237
95601
97211
3621
34761
5387
17948
11349
77515
90612
19698
20438
35257
37127
38245
66334
38144
38632
83802
65638
39815
46618
50000
91993
72841
52023
55512
61352
75168
3922
30383
79192
1066
12640
1358
2041
6383
8690
10173
12875
28915
18347
85377
40933
70356
65791
71528
99950
70014
11772
75983
31951
3028
45359
78384
54521
90053
80211
80585
99709
785
55147
1781
1858
18698
3202
91232
5303
31923
14085
32645
21685
17333
97228
19216
20407
43963
23011
82807
34101
24410
14456
34254
90333
46734
45154
506
55255
62117
22733
69901
33886
47546
72553
3323
54717
81265
57287
82402
87314
9745
21048
90096
68772
12351
7743
69067
15467
60204
71766
16720
82084
32194
84518
22002
56168
28748
32319
48545
37078
57159
38769
43774
43611
40475
49887
87878
47870
45068
50114
84046
51235
13222
80090
91421
52508
13803
54695
61429
59264
86020
62970
83322
89623
70733
94088
71269
89324
76239
94848
83763
98841
95337
97521
98970
5584
1519
16807
48571
19024
21509
19303
98522
20638
60925
60811
76532
37574
40539
23559
57422
69796
72153
75217
90987
81995
65897
84460
85445
4361
50578
92860
79034
3711
95349
97649
44733
97077
79995
1061
2267
6079
95556
49705
8042
15246
18256
38253
27230
31553
38765
39602
71348
41425
42373
76236
46053
46253
43453
49731
52426
69992
54021
63103
78597
64296
16085
70274
83454
1690
83635
43540
52618
89094
31465
98334
15684
17770
97474
19626
35094
41195
880
38667
51684
52628
8189
55409
6833
60765
64087
61745
25587
25378
11368
75795
55638
80524
84334
30135
97302
97315
6447
11096
72991
17033
49669
13812
21198
24074
26447
28473
96901
28156
48607
50919
5848
84277
54265
9889
20790
54560
10599
56196
65610
72444
95893
73546
73365
76648
38823
84849
71702
80364
56885
83035
73275
85867
83082
95627
91072
2886
6879
11269
3615
93312
12651
6838
49564
15526
87512
18364
24372
23289
32886
7099
28867
33347
58321
30424
88728
34549
33696
85383
33649
43164
54839
48963
96603
98748
8249
98792
98889
45941
1445
85277
1983
11008
56312
41056
12169
12498
98283
38545
19031
25994
27157
79848
31768
10074
34658
37405
47432
52925
72250
54614
54962
82901
55871
2778
63462
71121
92807
75778
89275
97960
97967
81779
99783
2679
18230
91399
92221
18728
44660
95243
20958
25537
5537
21696
26463
40919
9969
88325
42975
61694
53589
58878
10742
42879
59538
37598
73225
67462
46624
73561
76319
75885
76061
78715
1235
2258
4244
5140
99888
89493
18069
21825
26364
58147
26768
42420
71907
54882
55749
61076
79884
59391
59807
64120
69522
75156
85101
83215
4648
24044
88176
79950
53851
90604
92010
75749
91886
98988
3199
84245
99855
55517
37162
4536
12909
42345
14817
61938
89723
22334
88985
17929
23618
75827
48233
27888
28539
57807
31668
54744
35038
82367
91801
39509
9659
40488
48831
26630
87010
93971
11440
88939
16063
96053
55348
96272
36040
96143
4594
47600
36588
5148
40138
39033
6153
87282
67255
14915
18891
23757
65587
24106
58089
22136
28585
30914
33168
79273
17301
39434
10005
44701
49487
5866
55362
98477
32566
55145
62748
84845
69281
93836
79773
70480
44698
76240
81216
85089
91561
50812
96533
12705
61905
1087
21548
73527
22682
20590
28658
11723
23331
30563
32641
40839
46978
31050
86317
35505
35554
31828
38846
44080
44380
44189
55421
13029
56383
60236
59263
24296
53031
60718
75175
81825
90206
85323
56095
56273
87752
71622
54303
90734
93441
93474
94933
15831
98654
50024
99799
6589
86758
8600
4202
6641
9835
16084
77157
20808
73935
26926
20832
22086
31372
25277
97264
28462
29396
93293
32891
35547
39802
40315
43622
46918
56512
56536
61182
60480
41988
64631
68207
75297
98350
69980
85303
76905
11569
79241
50325
78049
90035
62577
99139
15500
8931
66667
64386
9004
16533
59180
24512
27307
67114
52717
63137
97844
96524
64715
60755
65078
65278
69679
80172
73126
53518
77011
24931
31488
80117
88513
41690
89088
89753
60380
90046
70547
93884
94849
17353
33798
53542
95085
54590
28389
95732
99857
4017
32164
6964
7178
19848
32721
48874
36860
21338
51289
10348
51423
22536
31860
54075
84182
59169
63108
71843
66457
34500
11968
72929
76762
85211
78655
86608
91805
25000
92616
70298
66150
96561
27068
2257
3431
3338
4930
9553
76460
97822
11770
58228
18682
12192
30491
13781
16721
75625
16665
35839
17467
93436
23063
29615
30852
31137
30785
17285
39303
26338
13539
45279
44474
80730
60600
86637
44722
57228
56140
41755
67633
72038
72187
73946
87967
88988
92454
99900
95318
78606
27204
1632
44297
15966
4561
20677
21599
60508
30000
30125
42474
39835
46631
46900
53393
9161
47335
62805
23867
48464
50745
72635
64230
32501
44205
22933
64869
64911
75089
30433
80022
82749
88535
47430
94949
17485
95937
4266
55234
3546
80882
26456
32926
38359
39344
65661
40358
46756
71719
49260
45141
11199
14799
71025
72455
72918
46285
90197
77559
16947
44859
81295
51475
86390
91350
4319
97249
1606
39868
98555
489
19365
83202
50493
7340
7225
39949
12461
61749
17993
5024
31619
39266
36716
32884
39381
89969
55374
62071
48977
23487
13388
51908
58203
39639
72170
65222
86520
87863
67487
18200
92862
30610
94778
96977
97452
470
9456
92796
17557
17802
32213
20721
31258
53926
23007
28323
78799
46449
81748
22112
48853
48661
52217
66115
78890
69752
70335
87562
1059
86313
64341
88620
78067
98041
98169
92013
49085
99143
56035
42502
58
7055
53737
5979
21868
8742
3685
97081
25654
36572
28985
39085
33797
56346
8581
35523
70091
54532
36221
70871
77114
41754
48722
53445
71350
59504
62107
65092
99757
58333
13945
72194
72240
72849
77811
91190
80960
18678
94937
96926
56248
98186
53970
97441
64888
99842
1311
944
42632
6074
17769
82725
11439
27611
12459
39517
36467
28510
28378
61354
36455
32480
44630
35980
46513
48691
39842
49268
78474
49437
56368
28822
58504
67200
77948
5663
80838
98377
32774
19905
81757
17612
61767
2298
2621
3638
7387
86106
7748
11229
14779
30859
14992
37721
16126
43660
35538
12450
46875
47137
89252
60674
68761
18586
78346
72244
65918
98065
71924
26494
98301
11033
17819
4259
34522
9327
12943
13501
91391
80726
19113
24862
32419
86916
32616
52460
13198
39092
39716
47325
48763
50775
51027
51033
60056
13570
61485
22541
67562
72332
68226
75088
72949
70711
82273
51455
85071
7738
10706
38346
20308
16188
85899
22487
21617
30076
21189
53478
42609
56832
54561
35889
94807
55023
56893
56773
62034
60970
63746
67656
68346
72902
72998
12857
74194
55072
77591
80114
46930
84049
21691
49220
25761
29976
1176
28151
29862
56244
34310
51901
34395
19743
43604
48951
90295
49756
67157
29482
50443
76155
60087
52604
82312
57702
57155
64771
62324
70132
72380
76573
82334
46339
88597
85951
88606
89124
91612
92728
76820
94190
33061
95340
9841
3483
1846
7009
12660
55741
11951
26658
37708
21600
22803
26664
19907
33502
64943
13138
37978
90792
41291
34444
48437
96127
83465
50721
49600
84279
51903
12142
53119
73772
57319
90037
66117
89987
78254
90018
79227
82795
82854
8274
88520
93558
88809
3833
89458
1898
38213
89695
43358
46744
91487
99696
2131
10767
12697
20381
74660
25880
25238
31468
34684
35626
17170
45167
46045
21165
49596
57050
54320
59874
61443
37382
63305
67777
70484
871
87019
78914
70544
88631
68213
90100
37912
91570
2717
30123
13679
28926
22806
24516
49982
25344
18148
25777
25489
47788
12093
65633
65289
74910
68633
37900
75335
61002
57236
85107
85417
26963
86554
86563
47009
91645
93163
67522
94076
98413
45681
9213
9387
90626
11444
11452
18120
19061
44540
29738
25019
46739
39650
40379
40859
43835
45112
49911
50150
53098
34416
27514
55308
59546
88790
60770
10008
47848
63559
98873
64639
65837
66208
67148
57298
36463
74946
65398
90912
73932
95674
57149
35181
96799
62280
55440
98552
35344
66358
697
89706
15155
1853
5132
63856
7802
86899
10095
11732
12590
14660
16243
74229
48265
22855
70898
27729
28252
60425
90617
33024
37831
46552
33828
47053
47219
527
35451
51138
2864
1451
54515
62305
14828
70433
62784
79763
74782
70932
76761
18378
77819
48938
7885
84204
91623
284
87288
22393
93648
27336
95609
59628
96275
12814
4107
15884
37976
16987
22468
28781
32691
69560
84412
38978
44316
33415
47022
53946
58538
9223
65466
25258
61980
73305
73887
74573
75010
78970
29202
82386
87600
91410
4859
5038
6711
60249
7344
8575
8730
93659
10007
10656
35848
98306
17952
94296
9016
30062
29892
10527
31723
64874
45205
33984
39575
66718
39244
40076
51061
51441
66817
53467
11915
58649
74403
75661
75757
76213
82449
76717
68009
60775
82552
1708
83934
4614
87550
10406
89391
90699
91464
5857
73161
8037
9260
11922
77484
43200
12804
17601
30768
20247
36470
22810
49595
24262
78959
18877
24990
34422
66405
35142
86750
35296
77793
40117
29537
51465
51777
71457
76979
77725
11378
52472
85774
94568
94858
88870
90007
38994
90083
52772
91786
94141
57673
45569
96066
960
74958
3937
13519
16137
73220
12589
19141
23980
23629
25630
25934
32969
35446
26480
14716
78393
29654
84630
30625
17283
33065
37872
96661
50321
43561
36529
45863
46388
2605
3091
75678
50508
53693
86901
62310
65471
66180
67819
78911
69817
15200
43308
73729
76734
8753
96344
82895
87047
47835
89080
12099
3754
89600
90465
84417
65741
91269
6144
4020
93889
54840
4370
7767
22184
19252
24049
27649
29024
82056
3467
32128
88589
32212
3424
20151
47285
32416
26679
50962
65739
32821
35236
51082
40942
43746
42711
44271
48423
48556
46126
3330
51498
54204
82228
56164
59672
58442
44419
30665
68597
98496
30564
48818
69881
76478
74363
63966
83978
76466
76879
64374
80536
81544
32115
81963
82304
8961
83614
85890
90576
36226
88326
43887
14392
88674
20704
97930
90164
47210
93916
96988
12410
740
872
74040
1174
22726
1405
66357
28864
4331
5496
34085
6199
13917
7068
15857
11676
82072
71675
17405
20908
83645
20956
45976
59396
23560
20564
24753
25204
83445
44049
26619
28363
17926
43759
55057
66599
47968
62382
51382
49355
44764
55983
5710
59953
62930
36799
79040
80299
83542
87543
97267
55119
88761
93296
5135
15649
6920
11405
13806
19246
19796
21785
20584
33986
56605
24738
26198
46030
29363
97708
47797
39053
39334
67229
41344
49187
41948
49206
49716
43967
49565
51219
51075
53849
51434
59159
30750
65117
73588
78950
53198
63518
8097
54912
65139
74319
60570
63912
47278
72345
56509
75058
63514
76160
6460
83863
76839
84943
26790
85017
85627
606
86524
29683
35095
87419
72631
53866
88918
76849
90894
88506
59895
91352
3889
66224
14077
92504
96505
617
2818
6698
44820
69251
7591
79872
10212
5139
76039
13019
67213
13147
16791
87445
18457
70980
20504
50281
20963
32943
22919
27390
28992
8882
30508
39288
35507
34179
39529
74299
39825
92600
80052
48197
55777
21302
1317
59853
61472
81763
63723
16589
25869
70801
77167
85490
89629
98064
7457
7800
81744
48660
14457
16745
17073
19207
17147
23660
18832
20042
8779
20712
26140
46777
12408
25633
67870
6992
33016
92087
36239
37603
40283
67583
13888
41827
42630
49249
44124
45778
47334
52750
8430
60417
63844
75764
71478
70906
49435
71298
16732
73556
76802
80402
90467
87986
80771
81293
89265
9503
93210
83769
96371
7250
1903
3974
1255
10831
7313
7947
22080
10691
15860
43170
11224
15705
88349
20889
67975
24102
24950
14423
13418
26638
27019
29606
33370
34476
23322
39196
71359
62471
47782
58741
50517
5193
57668
28410
57669
38174
59308
59867
60855
14040
61085
9431
65665
73095
13152
73684
96910
73944
23182
32117
74788
78154
59111
80956
91388
22310
86724
99845
30930
93241
25181
5234
5491
6557
30645
11466
8798
82863
22020
32078
22583
38040
31474
39579
95786
91618
41348
41850
32673
43878
48122
52571
50069
53922
76490
19571
55153
24869
17289
57471
25398
60443
77570
98916
56215
66380
91602
97520
67675
98384
68509
68534
4311
71349
18858
83451
80003
85791
93243
76749
89395
6706
90713
40949
62806
93300
98363
67009
98006
14441
46423
98157
31694
59341
5723
16436
5925
18787
19782
21401
23870
18866
34538
22432
35048
35367
22474
20604
76637
25873
29727
29188
30671
69836
31843
88200
34966
34817
59907
35860
19153
38352
39444
43392
46583
48758
27923
51248
60675
53761
52912
13856
61794
85262
16024
63484
18661
61692
79058
83571
88533
88311
27334
91322
94974
95033
5384
5487
31894
5750
18515
8150
18808
9182
25609
13793
92677
23792
99688
50162
25231
51283
74900
33242
41198
30855
42262
48181
45952
17544
52297
56235
55049
56928
62987
78667
64184
65270
35178
16316
67869
6450
29368
69080
57813
48501
71804
75685
73704
58887
62276
81957
15774
98145
87116
33023
92991
18114
95724
76097
97587
45353
10080
97942
7303
58345
55169
3505
13919
7522
37039
13329
12098
13749
55650
15544
74998
49216
91789
17597
1886
44535
19317
25134
26584
34197
77724
12107
36961
2188
74942
42823
71856
46257
41173
51846
65432
33753
67038
44332
77958
80543
6148
74215
90208
289
74869
96489
93175
17605
17429
96698
3010
89128
8077
12627
7201
13287
16572
45932
14450
40595
48604
15918
92576
21052
32389
21766
30052
43841
23047
36543
44403
82487
64067
44730
54058
48211
57274
57556
59060
60898
56962
67464
71313
71798
57920
75522
80222
80583
99837
82800
91274
12196
13456
44945
14360
12273
48791
15485
99621
17853
7683
14143
18040
78642
31402
93421
46165
21328
27304
24059
88958
25135
27479
31662
35948
72792
35958
36388
32103
57862
40966
41035
74921
42497
42505
44261
47146
58280
44786
26215
48190
65198
52737
9211
54214
27637
62634
75211
31259
85525
69141
86068
86069
88568
93822
91062
93197
47726
93946
97278
39482
2586
4483
57092
4047
6426
42576
50482
50212
7635
63357
1409
8253
14250
15205
43278
20184
45319
20410
23571
25006
27676
22103
60676
93119
27964
68380
28336
29962
85928
32461
81097
8341
34294
38146
41692
43006
44438
45953
11123
47605
49615
50706
52407
56416
62132
58681
63191
67970
81775
93677
82272
84621
52769
86169
49527
89533
18534
11182
91233
20999
5579
92851
49029
94003
18110
34039
96736
58317
36137
692
9656
10741
18652
90104
45956
20132
24246
28790
74141
28394
30695
15269
76271
33504
36983
17202
39426
62840
44823
58364
24423
46133
51822
49598
52919
77149
58922
11774
61537
53388
69547
74245
98082
70169
73908
71266
72567
78257
48944
81021
81713
92654
67978
96497
85010
30890
85514
90098
94356
45918
2334
6573
93109
24330
6886
7705
12897
409
77844
16670
17046
11321
26956
62338
27430
84443
30360
61163
31336
26029
12891
31537
36086
30648
40923
42269
70171
46903
55369
13385
58289
58841
73248
60772
60961
21630
57681
61052
62524
64274
17396
42818
64850
17902
17616
67375
31706
78784
31902
95077
79389
77517
25311
85696
93706
64439
88509
88972
89362
90307
40813
90426
93923
80602
98121
65
63831
659
4167
6899
7851
61805
16669
21000
31651
17604
41862
23086
26501
29656
68146
43969
34909
37464
43733
49771
27627
50292
70389
67075
68884
52342
42359
77728
66604
38483
82771
68792
69227
92488
81330
12294
71589
81555
89478
91254
91799
58926
81472
93560
95390
3744
88
32180
5528
2005
30942
5557
8132
17827
48232
28503
8361
72877
85816
86243
9978
68078
13851
17106
19019
72363
19587
32959
82504
21531
22428
35251
88635
22600
24528
44140
26094
27761
51731
2332
27675
66059
32867
96312
39073
9453
39206
39707
18199
64690
41711
99966
43154
18812
89105
46408
88068
43415
43529
25735
46372
49537
56084
57501
91005
57450
71621
8271
62114
17452
65773
952
62825
81909
63150
64872
69733
68694
75609
18440
88142
76241
2048
83288
15650
84655
85187
87306
663
91750
79806
97342
1054
2807
4010
18348
79320
7616
11189
43404
14541
24355
17957
89365
23292
27826
64825
91104
28642
28835
34175
42085
20123
14934
52495
60861
9785
63689
19041
67787
38062
34637
69850
36042
45582
72118
18255
75330
94441
96382
23623
88153
88770
80815
90956
2576
12782
4620
7193
64454
10055
65524
14596
42273
8094
41881
8935
53484
10987
12868
15086
56699
15709
16245
24704
24804
28079
34723
43846
55105
46623
46887
48608
72769
53295
73256
49818
51419
60974
75750
67967
77097
68758
82789
83437
14440
1887
88219
89929
6529
56389
90447
17648
93701
66162
28838
94626
20829
95460
586
10339
14678
93199
32347
8018
18150
48570
20285
42492
45395
24710
59589
24936
34098
25112
36968
42165
69544
35579
38206
51414
38945
44351
45276
34069
5927
51223
51807
6998
62515
72089
72223
88547
40232
85052
49751
85829
92299
86927
8340
95356
9866
4495
19404
7051
5207
80867
16390
27451
21053
6111
21334
90472
23454
13074
25740
6763
6996
26236
27223
28388
28498
31194
29106
29266
68811
23246
31335
29353
34499
34005
24843
34253
20804
40319
43290
51469
54636
40766
63217
47919
63807
64823
51959
16258
56733
72528
67414
69277
59980
72667
74734
439
75444
75822
28442
80401
38397
80568
82265
88684
84256
38844
84619
76786
85505
98480
84817
70163
27277
37629
88211
22693
91568
93460
94331
93636
1478
5565
1676
13226
7370
15059
18572
30181
16052
86211
23825
47885
79247
26103
28380
61328
30991
30828
30898
33768
36472
36568
38506
40851
40128
66785
37044
40280
46156
24131
52496
56882
62557
327
57485
58966
63049
33180
70665
80537
63850
79215
74383
83223
23398
10293
48527
78963
46042
61753
79490
