624
1714
1153
2980
56
2474
1734
743
1950
119
870
2868
2076
1196
840
1939
272
1842
2362
2702
2030
1183
453
169
900
901
1826
648
2058
1275
657
1051
2247
2392
1370
2910
2011
2202
2563
1830
2296
1094
487
377
311
1056
1733
1352
1706
1349
2134
939
2712
1106
2820
1736
235
2932
1953
2287
1135
1250
481
136
2326
2106
2428
2954
2915
2097
156
2787
2082
1099
1792
2742
1267
2333
907
1105
2894
1156
834
2890
1686
699
2950
842
2191
1930
1518
2793
276
663
2870
988
2705
867
540
2814
629
2319
1107
1679
419
735
1569
496
2022
2590
149
1336
1967
627
1864
2831
523
974
189
1923
2739
2426
1878
48
715
2696
2144
2056
602
2357
465
1092
1677
2485
2635
826
1804
1167
207
2383
2168
93
1416
1895
742
792
1329
1532
2273
120
2400
232
1117
2443
79
1632
2025
1996
2605
80
199
2864
1711
2125
486
174
2094
1069
1963
1912
2473
1789
2736
2884
2021
2
2353
736
1333
856
1537
200
2334
2883
2677
1152
861
11
2337
1466
36
2034
1331
2320
1995
2653
2578
230
975
1657
103
720
2277
2875
2808
353
2453
1347
2205
86
2545
2480
2045
1911
2681
2313
557
226
877
1444
1784
2949
1689
209
1604
1592
1315
314
2165
2140
2478
1339
2457
4
2783
2113
1240
780
1865
1461
1934
1969
2819
1796
1998
2799
1776
504
1863
2947
2047
2372
2123
1788
361
1959
1103
1004
2432
1248
417
1924
1583
2369
2360
1587
1473
2876
952
45
2249
97
1712
1965
2745
1316
1324
1369
467
2344
369
641
2786
2216
1802
2534
1028
2651
2978
2654
132
2985
2598
1047
1818
883
2402
1696
2420
2984
2075
1512
1515
2455
1688
569
2648
711
1578
261
2719
72
1097
1360
908
326
2157
2196
1717
617
2121
110
2847
1896
1674
2143
787
2278
463
320
2706
918
1270
1326
1464
255
2771
634
718
1866
2209
1682
1457
2974
611
1794
1231
1379
677
2105
2801
2302
921
405
632
2260
2662
1999
2990
66
1764
1283
1043
1831
2964
1905
2611
2764
2997
816
77
1319
998
1944
305
1801
1471
1490
2306
2098
1049
1252
2874
2301
1742
1126
2960
1086
1541
1046
2571
732
1549
2674
428
977
164
337
1932
763
665
1854
31
2580
2371
470
2779
1020
480
2689
1586
2044
2641
2254
2450
2568
1146
1570
1687
1474
1249
379
1203
1348
1650
1437
601
1062
2504
290
1513
2904
835
2497
1335
1915
1862
2026
710
2068
2867
934
906
1059
2665
1427
806
1613
1935
1886
2585
1779
229
2596
312
1567
2776
10
203
2166
2149
172
1192
1908
1756
2207
367
1213
253
2481
812
1003
946
1748
895
596
1
878
2390
1847
2943
2136
2613
1074
3
1929
1497
1377
461
2201
1124
1948
1647
2845
2262
1534
2807
938
2023
1548
2147
1393
2893
2972
1392
1310
1735
29
2198
2612
1443
2234
180
190
107
2062
2114
1867
2451
1559
1728
456
1045
509
2452
530
591
123
375
1561
1766
74
1221
2438
1419
2925
1091
300
40
1237
844
154
1479
2991
2660
2412
2629
386
982
802
2440
296
1738
1199
2285
2108
950
2458
1522
1875
1402
997
1407
415
2812
1511
2350
2907
2888
287
2054
2547
2167
2587
275
378
1019
771
2945
1879
144
728
2525
2394
2122
438
847
68
1620
147
186
2330
582
2698
2077
2008
1390
1421
425
1917
766
539
1557
1806
2366
943
1294
358
2411
257
1883
2193
2863
2223
414
332
2462
954
267
14
2862
2800
1526
1428
2183
2785
2274
786
2758
2671
281
1178
1118
1441
447
2846
1180
1034
1876
984
589
965
412
825
1217
1881
441
871
702
1580
1843
2270
501
2268
574
1175
928
1064
1298
594
2699
1425
2181
236
750
452
1115
2646
403
926
1125
1621
859
1256
1808
2465
1581
2539
556
2659
1942
2179
1215
1116
494
1730
960
1406
2240
76
2502
64
2315
2579
1544
2777
2730
301
8
891
1652
2552
2156
495
2126
994
1874
2608
1321
1440
1220
2637
1032
1785
1914
472
1284
460
20
279
674
433
592
451
2264
1476
1563
1727
1799
1841
1551
1200
813
1840
1246
1033
307
2830
1065
1783
863
178
2655
2628
1202
121
2616
2214
1472
2309
383
957
2384
2815
522
776
397
2415
1048
330
2032
608
1504
2241
2780
2466
295
2816
514
2906
1997
1158
1825
212
1523
2727
1018
1241
2885
1214
542
1236
2919
1509
322
2314
2515
765
2523
2564
2069
479
1026
1365
2887
234
1205
1455
1235
2002
2066
336
2379
1211
1718
744
1189
688
1767
2456
116
141
2623
1353
1527
2892
2911
2544
951
2182
87
1145
2992
734
191
1568
686
167
2835
1044
1500
195
2225
1698
270
1395
531
1285
434
1449
1193
84
2173
927
2042
543
0
2574
2335
392
2768
636
2996
653
244
1554
1970
935
2627
2624
1838
2418
1828
1340
2514
2829
201
2135
2199
1691
775
913
1993
89
2709
1229
1974
2713
2760
758
63
2773
2376
1076
2731
1759
1291
2359
394
2735
46
92
2429
2007
1357
2582
818
2650
2625
6
583
2790
2726
2188
2617
2195
294
546
1150
2986
145
2489
2204
1699
713
2833
158
146
1844
60
2933
1981
2962
2300
768
2325
182
138
985
1087
2477
2506
990
2757
1279
2501
1945
2146
804
1072
1725
638
420
810
882
828
1430
1882
2016
2404
2072
2902
1358
1453
2055
2649
1055
1385
576
2479
1038
1786
739
2825
1926
1617
1397
2680
2935
2430
1413
299
1144
2361
223
2050
2586
208
1245
2559
1302
2721
2437
2463
1626
1111
2720
1223
100
1739
476
978
1749
143
2272
2743
1182
1068
1435
1258
2230
875
2102
1857
2024
944
2483
1921
2370
1432
1900
2772
2003
274
2881
2031
131
668
