455
2513
2492
1984
68
2362
52
1987
1346
1438
568
2331
2659
2289
2981
2487
2390
2530
357
1506
281
917
674
2216
2743
2106
501
2155
837
1972
1761
2811
484
812
2455
1601
546
614
1874
592
1339
1322
2770
905
2795
494
330
1586
2010
1404
14
2111
529
1666
2045
550
2749
89
1792
1279
1648
2712
260
534
1153
805
1810
580
2054
2611
1280
2623
33
788
1045
605
1387
2158
2888
1337
2669
1485
970
218
1904
2065
490
2913
369
2328
2477
531
2245
1689
613
547
441
193
945
1288
1896
2965
2552
629
2452
2584
205
2671
2957
1541
1559
1959
2664
1684
714
323
1920
2620
676
2164
576
2687
1355
429
2489
1850
783
2486
898
957
1350
268
964
2662
2110
933
2264
640
2523
203
2048
1437
2805
136
1227
2242
2763
823
2250
2923
2473
1596
1765
2970
2833
1779
1935
922
796
842
641
101
1390
2654
1631
256
914
960
1383
2951
1089
1298
2396
2066
2866
2651
232
913
266
2335
2185
1194
1916
1629
1046
364
980
1893
2325
1587
2402
1687
2398
1624
384
1512
912
2228
414
2366
829
1148
2104
1818
932
116
2315
1328
1073
1217
465
1722
2471
240
2707
1811
2808
2222
2394
2071
1996
738
447
94
1087
1802
1146
2191
75
1630
1245
340
931
1650
1266
786
409
1908
366
2880
887
2345
2674
1071
566
213
390
2899
1927
2327
1885
463
499
664
1114
2410
838
1371
1651
1091
1701
412
1837
2057
1098
2890
1875
2943
1436
159
1208
3
2319
927
207
2272
2551
1827
350
1411
2521
808
2798
1000
1196
2000
2235
2536
814
1313
994
2223
298
2944
2506
2723
5
2326
120
246
619
1092
2323
2468
1007
1204
977
2363
1771
1857
2254
43
2175
1066
1743
1705
2873
1105
1974
1058
706
2779
370
361
1277
2391
450
2640
2408
2194
1843
1813
2448
2568
4
794
30
1525
2755
1776
407
1814
1576
2348
117
590
645
2670
919
2896
2438
1442
864
687
2346
2374
543
2867
1634
524
1448
2727
1528
1033
2233
432
479
258
135
2205
942
1137
544
1632
984
1838
2434
1289
2603
754
1123
1020
45
380
233
2689
167
2143
1369
896
963
2151
906
2329
109
638
1067
588
299
1488
1177
2317
701
2555
214
1156
1416
2288
2682
793
1534
2192
934
2911
2251
2630
1794
2599
648
399
828
1867
2453
1131
196
2598
1444
1939
1330
2023
433
677
2907
2114
731
707
2033
55
147
2612
2201
865
2488
825
2525
78
1335
1034
1136
625
2442
745
941
92
430
296
1185
153
599
1877
2910
460
1345
2705
141
1844
2466
1790
801
2053
2121
2685
2962
1135
635
1159
1692
1618
1716
1934
2585
671
2013
616
2112
2829
1458
583
2016
2287
2709
1225
12
2847
1521
2748
2422
2872
20
1029
2411
634
2303
2966
295
2138
1752
2184
770
621
1278
2539
226
2028
1311
2193
1160
2226
1545
1001
2297
1897
339
1965
1562
1861
1309
872
373
2838
1357
2157
1152
920
2948
726
2474
1230
164
204
1119
2012
1361
408
2428
86
859
1777
31
1727
1803
211
1891
1865
879
2218
221
1401
1327
1529
577
1693
1557
1189
273
1778
2107
608
1169
659
1597
2475
1718
1766
1926
2101
2765
2060
2929
2675
1061
2449
858
46
2161
630
2558
2870
395
1605
2490
417
1093
1527
2458
2853
1851
2238
423
2725
422
873
2451
234
1482
443
2144
2958
1378
894
2898
1117
593
2517
1068
2282
1216
2244
2064
1112
889
1314
1055
215
665
1269
2425
1949
2063
2813
2320
1940
39
2119
282
2090
105
785
2469
2306
1078
437
2351
1209
1028
973
1662
1929
2136
1323
1349
2382
2343
326
1817
760
1690
486
549
1364
575
338
2997
2698
305
1380
497
1403
2074
967
2493
1231
2860
2405
37
1043
1446
424
1986
1088
2495
1500
2227
2673
138
372
482
2154
2043
1954
713
316
1083
2692
1312
2775
2357
1786
1990
1351
998
2613
1254
662
654
639
2102
180
252
2270
1338
2169
405
2005
2407
1247
2637
1187
729
1492
90
1847
1265
1848
2253
1725
539
2905
1094
1108
1505
1726
2549
2632
658
935
752
2439
2359
446
2831
2563
2605
1240
2509
2209
2868
2786
2229
2986
1205
2848
335
488
1246
2031
264
1821
1560
1294
389
1747
425
2804
360
1400
2990
348
1385
1826
1522
1402
143
1714
1475
1074
87
1616
1645
1902
2967
22
1937
1026
1095
1593
168
2179
452
2285
319
1147
60
1468
1272
1539
1170
972
508
1948
1422
2501
1242
2483
1577
2365
2810
175
2882
1915
1469
813
2814
2528
1184
103
1214
584
2834
1100
1386
121
582
2032
1812
2291
1911
2231
1455
1517
1820
1471
250
2337
1956
1107
513
1873
2426
2793
2635
2663
2196
192
194
2580
1886
2436
2554
2980
2806
242
1555
2996
1132
2939
1883
1567
944
106
1025
2281
2918
1998
99
807
1570
1756
1479
1839
1676
1211
759
2954
1412
314
1398
2660
2163
2667
2368
473
1992
2232
161
1970
2356
965
76
1463
1582
633
1973
1497
2437
516
955
556
478
1890
2803
1221
2384
1235
1845
2022
148
91
1862
533
1658
2855
2909
603
1040
2926
1336
1232
2904
2167
2887
1694
1270
2295
866
1284
84
2431
721
868
392
304
1863
1598
1125
689
2467
210
1946
2255
1267
746
1762
191
578
468
1633
1729
1281
1548
751
860
2819
2894
1324
1226
951
2656
426
1081
2387
769
1734
2457
520
2744
2758
